1.111250450176115789e+00
1.044347468740710605e+00
1.260658371763256902e+00
1.171986447397523001e+00
1.065584117765043359e+00
1.252653124957835651e+00
1.555858497152386777e+00
1.305080292719182022e+00
1.067686611919339557e+00
1.469740605039274506e+00
1.167766313819397439e+00
1.130419427846204750e+00
1.129354630249093772e+00
1.366099342265950423e+00
1.040797724089407739e+00
1.089947514454096211e+00
1.177049910553055634e+00
1.111837634775751482e+00
1.188959306223065004e+00
1.149680841867324776e+00
1.227349766428905475e+00
1.081616195190382212e+00
1.318845650042903772e+00
1.157928588435611861e+00
1.075428164214204285e+00
1.294374633125714436e+00
1.435539067601361074e+00
1.561428512333913776e+00
1.189039169336449042e+00
1.291478291804745604e+00
1.041241971864456550e+00
1.070045133728319442e+00
1.035439378513962838e+00
1.130223266075774058e+00
1.085192058734369080e+00
1.075861134970706789e+00
1.229224189514268151e+00
1.155131943068977929e+00
1.064777589674460234e+00
1.234488027739565785e+00
1.681432493731285005e+00
1.441715839929810450e+00
1.045789315607034142e+00
1.676604487548885469e+00
1.215451099146664937e+00
1.064860820866257995e+00
1.132884858826965990e+00
1.585735110008249071e+00
1.063446730340390278e+00
1.113744725740643426e+00
1.157384184381573311e+00
1.152894649323792375e+00
1.173330556254535750e+00
1.110653721807252303e+00
1.360342774535122645e+00
1.067295567105154941e+00
1.440434460474564249e+00
1.169652397869768823e+00
1.083677111007135263e+00
1.378599470966539897e+00
1.460619707620334218e+00
1.675723302112557711e+00
1.120247397287497781e+00
1.265416786405704874e+00
1.039435434430383109e+00
1.086792982648656203e+00
1.020472453362777365e+00
1.138968669236982922e+00
