1.083353969672668615e+00
1.038017305906284937e+00
1.177329514046843162e+00
1.119910197732637558e+00
1.053567574973224286e+00
1.175622561979237091e+00
1.373397249506991713e+00
1.206261689361669553e+00
1.055177545707421949e+00
1.320705778673960662e+00
1.120334463405886050e+00
1.095213640711247827e+00
1.095290858854066407e+00
1.249388307055976366e+00
1.035072244303956168e+00
1.068125266617321989e+00
1.123322687822753130e+00
1.081788827238762130e+00
1.131208044463287488e+00
1.107325850672973067e+00
1.156869583794780443e+00
1.060270591570978915e+00
1.214870752249274766e+00
1.114380670765368508e+00
1.058333990277924741e+00
1.198942899358054648e+00
1.294534900236069319e+00
1.382324772332288232e+00
1.132142159769976786e+00
1.198683827264747093e+00
1.035608056914343766e+00
1.053750767170910319e+00
1.031530452397341868e+00
1.095211324409555376e+00
1.064901828938658035e+00
1.058656093810454779e+00
1.156894400345997331e+00
1.112971686842869401e+00
1.053037165913442985e+00
1.163150808431592687e+00
1.465624769989796627e+00
1.300829889066948519e+00
1.039303696496800544e+00
1.467618919976076519e+00
1.148399247698742354e+00
1.052732001517409088e+00
1.095342146168834629e+00
1.402704647456089804e+00
1.052178977597015175e+00
1.084250121981552351e+00
1.110466466602549218e+00
1.108274756868645960e+00
1.120804353112077711e+00
1.084157131459148715e+00
1.242070609125169423e+00
1.054341833983101884e+00
1.295315571074304284e+00
1.121724791087733708e+00
1.064234507651337758e+00
1.255099309396781715e+00
1.313597637095785808e+00
1.465730110917457418e+00
1.087861261425395965e+00
1.181880971657092827e+00
1.033661997964591572e+00
1.066349745472965127e+00
1.020472453362777365e+00
1.100310327779445707e+00
