1.092655982301305784e+00
1.070967721743197432e+00
1.268322294779246961e+00
1.238597740529195246e+00
1.029930467464292843e+00
1.141058197095684790e+00
1.314422980221724657e+00
1.222889468456913598e+00
1.064244465474464052e+00
1.428152017559533471e+00
1.135155545684856770e+00
1.093849814364036721e+00
1.095718759354029181e+00
1.256436700593462907e+00
1.024045640047990480e+00
1.242149002152201476e+00
1.137725242685331040e+00
1.086003355390671166e+00
1.138968309628054953e+00
1.099926099768161691e+00
1.330916147139196815e+00
1.056225462601507070e+00
1.574730635345870766e+00
1.153639978776671349e+00
1.033382088911451557e+00
1.361297306963432430e+00
1.451546903749908246e+00
1.626329756118043646e+00
1.212514246967467679e+00
1.227907422592744435e+00
1.031659998327203898e+00
1.045952138894281624e+00
1.045352818159421604e+00
1.098456627929027318e+00
1.113847267122288986e+00
1.052834595785969052e+00
1.229610812991502877e+00
1.144523685367720756e+00
1.044324752820503299e+00
1.187498269650464566e+00
1.510256314616032824e+00
1.338930979445513536e+00
1.046970477115710674e+00
1.537397376329025844e+00
1.150749309222957928e+00
1.128350691173914733e+00
1.084026271875064618e+00
1.420191582448988354e+00
1.028889277100526023e+00
1.192792929444919325e+00
1.160654341481580643e+00
1.118863145811398008e+00
1.179276188847121043e+00
1.132274985869645700e+00
1.257449105945527723e+00
1.062288706222832557e+00
1.502850320954818519e+00
1.152634151216077818e+00
1.039044182038714403e+00
1.303823876669195192e+00
1.557203979853428288e+00
1.656481170488607546e+00
1.240377535959791055e+00
1.272616863262461484e+00
1.042294705406762612e+00
1.105106616957731491e+00
1.034439943882156987e+00
1.137215956160645636e+00
