1.064768432018378341e+00
1.051286483911931802e+00
1.157284534920242081e+00
1.140598479076400773e+00
1.028219116043174397e+00
1.091841039186569384e+00
1.178706255395508107e+00
1.132645053003747959e+00
1.049156580522984550e+00
1.251302114612550254e+00
1.088933451476997050e+00
1.064988322857336245e+00
1.066367129655872104e+00
1.154204847589539229e+00
1.022793176573568941e+00
1.142585526309482402e+00
1.087447231156189797e+00
1.059294855339401487e+00
1.088580083790991360e+00
1.067654540849405365e+00
1.193042795130323075e+00
1.039534309057841721e+00
1.329892400378313022e+00
1.099278805554259941e+00
1.028489972415745468e+00
1.210021590343391962e+00
1.263040054097783527e+00
1.365666995077198465e+00
1.129767004692507681e+00
1.136206156650038546e+00
1.028152941450201530e+00
1.035145341399840824e+00
1.036148061902106843e+00
1.067334135971131470e+00
1.073433755618299346e+00
1.040586642316192467e+00
1.136509924183829234e+00
1.093650030258773498e+00
1.036866938560979001e+00
1.113436266091049953e+00
1.292366542269923091e+00
1.196357559296384876e+00
1.037865595404596109e+00
1.315648134439246553e+00
1.094627421087065455e+00
1.084121004765141061e+00
1.057866064503060199e+00
1.244270237333967799e+00
1.027347193140308645e+00
1.117455688022540805e+00
1.098518134691004233e+00
1.077845765878333584e+00
1.109544712273262457e+00
1.087212094993240008e+00
1.149646744049780622e+00
1.047314987366261496e+00
1.287067806594652364e+00
1.098068358592151350e+00
1.032869278669523050e+00
1.177089564658042598e+00
1.326366401769178083e+00
1.385204388969014655e+00
1.142727611049941139e+00
1.160330842921369010e+00
1.033702589209370970e+00
1.070016234747016348e+00
1.028993524186141872e+00
1.087848854959899469e+00
