1.523004911805915018e+00
1.060310852046337793e+00
2.112022447733540087e+00
1.326995312721608755e+00
1.127280016430248777e+00
1.906459185591161232e+00
2.454151755445826755e+00
1.814161684132581165e+00
1.154449774846113996e+00
2.422157152311709361e+00
1.411969666802807888e+00
1.235441445249222392e+00
1.230641538393493661e+00
2.283718116351123761e+00
1.069677002019854273e+00
1.183557710203842150e+00
1.635981228093342121e+00
1.290149141997025239e+00
1.529118600852122922e+00
1.472976453864063284e+00
1.922334808498370684e+00
1.060453800726111728e+00
2.504494825240431766e+00
1.730625923822125323e+00
1.097328591037836087e+00
2.417371325551638250e+00
2.801515585415093046e+00
2.723446508535824595e+00
2.052609227682470561e+00
2.090986113623235720e+00
1.036958148081240427e+00
1.089631633557394785e+00
1.069572732642884327e+00
1.469801317337950719e+00
1.622452927003596335e+00
1.244065258126258566e+00
1.942425508302170645e+00
1.537391839131022175e+00
1.038315850528872764e+00
1.614053183699866834e+00
3.599642117677345432e+00
2.310393809712905533e+00
1.207377880669741721e+00
2.571999672760993061e+00
1.229495472158893987e+00
1.337672239919399431e+00
1.212911376042929090e+00
2.726455711978326146e+00
1.051726634727860876e+00
1.197071811411054787e+00
1.728663615788726515e+00
1.524122922283613457e+00
1.565061048992428594e+00
1.312110081882300605e+00
1.947028176566524493e+00
1.170888638698595496e+00
2.342010490346929874e+00
1.777065830576021410e+00
1.170568992263047337e+00
2.428644117874392716e+00
2.953280439815872960e+00
3.228722599405921656e+00
1.852451270350671919e+00
2.167793193463587897e+00
1.083915485670013279e+00
1.023330555816552412e+00
1.021490201658639352e+00
1.189104445643431207e+00
