1.447246058721942896e+00
1.055262274938143952e+00
1.957679278658352340e+00
1.278148163894471612e+00
1.111832681081887486e+00
1.780360089925678402e+00
2.254763623412955553e+00
1.698046588972160320e+00
1.133700430866925180e+00
2.225237287883099935e+00
1.350600289480621274e+00
1.200913033636415550e+00
1.197517610210253158e+00
2.104981014175225429e+00
1.062904821833251079e+00
1.157131051041197400e+00
1.543610265703917461e+00
1.246622681060830296e+00
1.450470525156964507e+00
1.403782231328357444e+00
1.792390133898563498e+00
1.053957891447916406e+00
2.298669827212213690e+00
1.626413567729172005e+00
1.085698144288450795e+00
2.222230469848820000e+00
2.557511352288633688e+00
2.488732957862448192e+00
1.903946723250109940e+00
1.937951911172210329e+00
1.035112810985812759e+00
1.078862429960474767e+00
1.062859951618457810e+00
1.400343576298942239e+00
1.530934091959175403e+00
1.208226340269549004e+00
1.810148694163300043e+00
1.459177802915455846e+00
1.036654161285730513e+00
1.525053810819810840e+00
3.256345154802383846e+00
2.131860155601716933e+00
1.176724168129827053e+00
2.357146016263573784e+00
1.194910459551036475e+00
1.286724155150949400e+00
1.181468553447127645e+00
2.494105982991047910e+00
1.048334441728231425e+00
1.168454623409626469e+00
1.623366496293541683e+00
1.446078069655307941e+00
1.481569381108964523e+00
1.265682943035603580e+00
1.812726550180635998e+00
1.147119922074974152e+00
2.156149707808221017e+00
1.666738202731711027e+00
1.146724345833910919e+00
2.232222767044478751e+00
2.687722975775548750e+00
2.931365442969206203e+00
1.730498542881945268e+00
2.004120762182948656e+00
1.074485306157000331e+00
1.023006082848303411e+00
1.021374190435871743e+00
1.160998945312165631e+00
