1.081846223775890348e+00
1.049341175899253686e+00
1.259804041203203218e+00
1.254176496284941766e+00
1.030797673664596514e+00
1.199880031436477035e+00
1.306043875235167739e+00
1.207928425240180959e+00
1.060679797794403800e+00
1.524955282082541608e+00
1.105260104765567908e+00
1.128458271922724743e+00
1.092297548742595659e+00
1.225336236162173797e+00
1.031144668432459222e+00
1.287061501419405785e+00
1.172816279561475161e+00
1.067029003687747446e+00
1.137518685978123445e+00
1.179892127107176725e+00
1.294281648840024168e+00
1.059290569686836658e+00
1.541767491826104397e+00
1.177254383643181024e+00
1.049899868253192370e+00
1.333162416086544066e+00
1.508289777556441669e+00
1.497137319860370130e+00
1.163538999695172382e+00
1.191767453365687013e+00
1.031263470759781420e+00
1.037768234423323443e+00
1.039014140387537699e+00
1.092982307574502432e+00
1.133754815705865671e+00
1.054165106995578194e+00
1.231096630862097419e+00
1.374198217513128872e+00
1.033196250500451052e+00
1.244667026896169260e+00
1.635345418024241271e+00
1.289575564340005531e+00
1.052260121732794262e+00
1.695278469907003593e+00
1.118633855567390478e+00
1.201939380209483099e+00
1.080924088007515271e+00
1.358442856819448652e+00
1.036347975738573401e+00
1.248133777595467953e+00
1.116127213025968956e+00
1.093178468789323343e+00
1.162867354436744050e+00
1.237734731130285315e+00
1.227700713151758771e+00
1.057851684464387487e+00
1.430468391975362685e+00
1.186379973452725611e+00
1.050331136284616829e+00
1.388793396042795392e+00
1.466004676803544182e+00
1.604412730238418572e+00
1.200339908545403622e+00
1.200615119497458583e+00
1.037418177392363194e+00
1.065457540430775119e+00
1.041620484456311502e+00
1.149827403079203059e+00
