1.108328890197745276e+00
1.060125684063757401e+00
1.381382668751493625e+00
1.374019340085385954e+00
1.032852214055719475e+00
1.287933215939551346e+00
1.454235659306971185e+00
1.306714340799083995e+00
1.075433146866001000e+00
1.762268507697881681e+00
1.143170224222879172e+00
1.182335504886732114e+00
1.123354359598146335e+00
1.328962292100950959e+00
1.035132854688995740e+00
1.420307381672868408e+00
1.251039917995655948e+00
1.087921399683706714e+00
1.197250130638972010e+00
1.260942492854189467e+00
1.429072718150402599e+00
1.079595272794940497e+00
1.790103165959730624e+00
1.253320755619327320e+00
1.062213032793805079e+00
1.488124123827629486e+00
1.736418721954136712e+00
1.723876501809702866e+00
1.235920648826140278e+00
1.279158525556293835e+00
1.034668009018381518e+00
1.045615777041076555e+00
1.046059067070137072e+00
1.126031200089376183e+00
1.193933018410784141e+00
1.067735940214072698e+00
1.338822740078101425e+00
1.542721684794286174e+00
1.036434226409753689e+00
1.356999662963252140e+00
1.918833383603464338e+00
1.425435888557970765e+00
1.064256770370771932e+00
2.000670760781830371e+00
1.167901486197067795e+00
1.293532364466931428e+00
1.108997714282048852e+00
1.524834482851348039e+00
1.040633788878052579e+00
1.363553527550434463e+00
1.165107345347725198e+00
1.127670290232358541e+00
1.237356587897585625e+00
1.345281998352558128e+00
1.336802450000077469e+00
1.072005084725737856e+00
1.634004165221613292e+00
1.266669910527705056e+00
1.061755706174253744e+00
1.569312146953951492e+00
1.675741213450290701e+00
1.871624920470430276e+00
1.291346630626688974e+00
1.292778375401408608e+00
1.044303646387190199e+00
1.085518511396631025e+00
1.050737668110062639e+00
1.215104727599284118e+00
