1.135036142082597843e+00
1.041321210563287858e+00
1.168044382211823828e+00
1.372753584956965645e+00
1.033777921165474956e+00
1.156977458675407799e+00
1.422215337800951662e+00
1.210451488367831230e+00
1.095105580901494458e+00
1.639747252128585631e+00
1.150689974808376759e+00
1.135344886367192885e+00
1.136645616203608267e+00
1.315980571589529857e+00
1.032861910097464087e+00
1.076773326611936366e+00
1.139546818682256601e+00
1.068363246952145573e+00
1.125898701070209507e+00
1.197059897664316086e+00
1.201674610020327938e+00
1.061580752652456994e+00
1.444971023010051869e+00
1.267188114448147607e+00
1.069601206330247800e+00
1.320306682574883927e+00
1.433077968625261489e+00
1.672608329973826580e+00
1.266664224891236090e+00
1.269941316722019486e+00
1.052932519550360491e+00
1.070988885413603375e+00
1.040936429469436764e+00
1.109197414761257106e+00
1.117600740320199515e+00
1.079609283452557245e+00
1.200866780195189110e+00
1.232499642514889748e+00
1.030239658303677919e+00
1.166715896811968856e+00
1.598925716157660659e+00
1.345342797156461767e+00
1.050702818123348870e+00
1.642439044741339504e+00
1.107890519879566993e+00
1.056656644357945485e+00
1.105867690051965502e+00
1.419938772925443127e+00
1.030050965626617021e+00
1.089090162818760366e+00
1.125816896838841785e+00
1.092412307227320190e+00
1.116865821268228531e+00
1.078793374699160257e+00
1.290202280234851395e+00
1.043903843772027384e+00
1.517200842999938182e+00
1.210181187409750780e+00
1.088524100112252979e+00
1.361591868806780292e+00
1.464511048960453365e+00
1.877058655465917214e+00
1.285239017716947707e+00
1.327033594256154636e+00
1.054680164157433042e+00
1.053838883544812699e+00
1.037620013022162224e+00
1.137012163096102757e+00
