1.098524161283967571e+00
1.035962258017131710e+00
1.118547351713630622e+00
1.251983766785614183e+00
1.031376186894576774e+00
1.114159617374931743e+00
1.282775844236138774e+00
1.145095097985449728e+00
1.073372425747366465e+00
1.438956227678810373e+00
1.109759984003960698e+00
1.098425439537044745e+00
1.100641564797384397e+00
1.216323303079779983e+00
1.029408433563078429e+00
1.059939282061393540e+00
1.100365901767992760e+00
1.053665689440024478e+00
1.091587739291440373e+00
1.137824861986201697e+00
1.140595663884971911e+00
1.047284346453932535e+00
1.300646218373168628e+00
1.185782487354221315e+00
1.054553450465730124e+00
1.216844898831246358e+00
1.293429038140992748e+00
1.459307293294613617e+00
1.183800101606194977e+00
1.185048614240754583e+00
1.043731074254539815e+00
1.054692767069458803e+00
1.035252374368177630e+00
1.081668980448356132e+00
1.085197462752496955e+00
1.061342480278967715e+00
1.139572357617256282e+00
1.163992271668133682e+00
1.028691694694251257e+00
1.117891215908765723e+00
1.408131885100875058e+00
1.234555805387390404e+00
1.042774646880066269e+00
1.442886913466070231e+00
1.079779525610607305e+00
1.046956602881454756e+00
1.078483476312114275e+00
1.285916427844420840e+00
1.028591566507040644e+00
1.068434459735985165e+00
1.090969410843047438e+00
1.070448349984778780e+00
1.085896242844102133e+00
1.062745064173036491e+00
1.196543683414414527e+00
1.038360869975675227e+00
1.348323649697178661e+00
1.147845542156041621e+00
1.067809754551481971e+00
1.245028925313769408e+00
1.317683947056463856e+00
1.605910643945977156e+00
1.196390277906048905e+00
1.223406066901910005e+00
1.044344733707996964e+00
1.043958054907195843e+00
1.032517405670425825e+00
1.099411688297701417e+00
