1.305518563458273551e+00
1.066583429806497563e+00
1.418530879160913472e+00
1.491263853057065214e+00
1.057901280169364133e+00
1.372183049252775122e+00
1.779347140433106267e+00
1.516623091427527159e+00
1.125012503200123470e+00
2.061467125918846399e+00
1.448102500488226418e+00
1.273541071344804099e+00
1.137897154679903045e+00
1.573701610140659790e+00
1.031973283465503544e+00
1.240346823455278802e+00
1.247271878564118142e+00
1.272758300116602292e+00
1.381982993828471562e+00
1.405411023368066337e+00
1.488074734140315991e+00
1.120045113604082099e+00
1.797862142461622570e+00
1.289905444666346712e+00
1.096119306449046649e+00
1.800234088809010036e+00
2.264510577573515260e+00
2.122152672799149098e+00
1.457366418562583421e+00
1.463367202624582530e+00
1.077134142268883599e+00
1.132486237099894710e+00
1.085749696073190940e+00
1.244065706173730801e+00
1.206580337721335328e+00
1.102790150728556018e+00
1.360435132146341042e+00
1.521785172402779773e+00
1.039180434453218282e+00
1.499032396673704470e+00
2.067954328165014122e+00
1.778215846861566529e+00
1.092110207656245446e+00
2.197686861886408494e+00
1.350375576365842045e+00
1.228488209372937456e+00
1.098268023568161889e+00
1.898183284807463789e+00
1.040761760361371246e+00
1.278132588921933044e+00
1.252642397154482001e+00
1.193005829036537513e+00
1.216668315150844837e+00
1.489818307799918973e+00
1.408464373856631813e+00
1.104749984200759538e+00
1.764946979009294648e+00
1.383431921719509239e+00
1.081699788277796559e+00
1.560667335313900228e+00
2.170715156368139720e+00
2.215084293538043703e+00
1.448786533102413676e+00
1.697258596387930085e+00
1.100315721884773223e+00
1.164810049488787191e+00
1.054564345729059882e+00
1.291333189310627683e+00
