1.131629347415625153e+00
1.037008100530749877e+00
1.222377727982097317e+00
1.156805809317871025e+00
1.037097553973563624e+00
1.209068384011055430e+00
1.557693551133336074e+00
1.183744823700683346e+00
1.057427047579696966e+00
1.444383784164670725e+00
1.109701861369558173e+00
1.126217831206155928e+00
1.086340824457447729e+00
1.299121173073183755e+00
1.030619575996281956e+00
1.099406448817835669e+00
1.160833028901463004e+00
1.041051711061215634e+00
1.112491778134397258e+00
1.106542252799922244e+00
1.191610051199526898e+00
1.035343975062870570e+00
1.341183657244192640e+00
1.183225199549299944e+00
1.047150358008640758e+00
1.302354192265598787e+00
1.455781851778027880e+00
1.474827839092184734e+00
1.221114337205953415e+00
1.289232960924286742e+00
1.037053090134840261e+00
1.049872213443841185e+00
1.036329184032101614e+00
1.096367915007577354e+00
1.193586282973627899e+00
1.047899364256240862e+00
1.176795862186225339e+00
1.103906646115615287e+00
1.036891629422382888e+00
1.212625727306761547e+00
1.637959682008634843e+00
1.314986644183102404e+00
1.040547496215894263e+00
1.546605432621217080e+00
1.171487693832592214e+00
1.126107189113984441e+00
1.117565120615184648e+00
1.450050706960703151e+00
1.042380499128025884e+00
1.157879192367248899e+00
1.109454924005713883e+00
1.094470787739820095e+00
1.223896879632696111e+00
1.140370737016876523e+00
1.220210494352251374e+00
1.039511740079744229e+00
1.384449666006841495e+00
1.187663330608664802e+00
1.037988923467050295e+00
1.444425318417410731e+00
1.452905674808154579e+00
1.550226521094957732e+00
1.285099453718531626e+00
1.437992673569037594e+00
1.045072546852776840e+00
1.052727030747693915e+00
1.035449514247939184e+00
1.133511801113943562e+00
