1.266246186153308750e+00
1.093570151630163245e+00
1.915722804809472990e+00
1.549983297310893349e+00
1.084591439043830485e+00
1.500580259928169680e+00
2.031618233464490331e+00
1.685974879451741293e+00
1.154570539953323705e+00
1.981680631498977441e+00
1.301415355608715796e+00
1.365016365115794938e+00
1.339759503827890219e+00
1.820644069347188587e+00
1.061190776830863047e+00
1.535096159088183532e+00
1.588555180108628839e+00
1.164792262904058573e+00
1.430658478147527779e+00
1.409005249124785975e+00
2.028613440612260010e+00
1.089833019053163099e+00
2.275554521186465617e+00
1.498048636937461930e+00
1.189497630267261075e+00
1.970282310244387824e+00
2.754544583477911424e+00
2.925300967649799411e+00
1.811800326256806759e+00
1.989134966487251743e+00
1.111221847924567907e+00
1.195161891728322656e+00
1.122705380929922558e+00
1.309653556200770730e+00
1.426771979415401903e+00
1.089304546373910387e+00
1.686928992767591451e+00
1.312032831688151768e+00
1.057943559355757124e+00
1.680849003801124564e+00
2.933868624178839202e+00
2.016883021282942945e+00
1.114980165258250056e+00
2.702955947354117594e+00
1.440565762460482846e+00
1.342774498372333092e+00
1.310652284451209626e+00
2.371558496204723365e+00
1.036822301341690400e+00
1.213333473297542708e+00
1.565261494572845358e+00
1.431613210406787129e+00
1.625653207427479430e+00
1.332050523412007026e+00
1.885375295637189641e+00
1.057402861193799559e+00
2.077595871297372110e+00
1.343267461731394885e+00
1.143280564657745746e+00
1.946658694122634481e+00
2.564172967824856819e+00
2.884966132554522833e+00
2.029326769028059196e+00
2.265168037653418676e+00
1.079490907210528539e+00
1.445384773479378770e+00
1.128832481054726555e+00
1.449882519738866282e+00
