1.067361017232714593e+00
1.038375420423824469e+00
1.176253660840083981e+00
1.108747498121054997e+00
1.038862516415561821e+00
1.107778832971905381e+00
1.192234260508128862e+00
1.131734004152846529e+00
1.051797272944696271e+00
1.194362090697743239e+00
1.073845205732180119e+00
1.081036484227659855e+00
1.080592062066058290e+00
1.159437092524854496e+00
1.030385391901953218e+00
1.107650742833283575e+00
1.116500240214844064e+00
1.048007183212821047e+00
1.089406674883989012e+00
1.086935292707454703e+00
1.199463834598847312e+00
1.030832872235827757e+00
1.244391370067597258e+00
1.108199868216352524e+00
1.052346188412434991e+00
1.187202010259277962e+00
1.353112211748855875e+00
1.385337580155765247e+00
1.159115395721797892e+00
1.191389147999807996e+00
1.040572018114866326e+00
1.050113600450451212e+00
1.041485147848180803e+00
1.072386572197892018e+00
1.085393563329169142e+00
1.036541579720303030e+00
1.133366380274330343e+00
1.076235781486092558e+00
1.032419505970539220e+00
1.132460700856655400e+00
1.387522246928689640e+00
1.194564249037342707e+00
1.042446663649784222e+00
1.347626421141719710e+00
1.088199894533187884e+00
1.078277137727944979e+00
1.072235282307621995e+00
1.265842851381213663e+00
1.027768067035612409e+00
1.057702539110310092e+00
1.109100479905800407e+00
1.089575912973873795e+00
1.119478355164877037e+00
1.079099387002248056e+00
1.166003800376384625e+00
1.032395635927562116e+00
1.201869459236817983e+00
1.082626084460953431e+00
1.046637853796918316e+00
1.179548766527261927e+00
1.311678464952970691e+00
1.388349397354240677e+00
1.199128284308678793e+00
1.245023231762636406e+00
1.033072232803663892e+00
1.090146039894286156e+00
1.041186851173811156e+00
1.092403862542679960e+00
