1.143015731831752646e+00
1.035591840158126331e+00
1.281700637571078216e+00
1.167071696249271984e+00
1.038516993895230334e+00
1.298557064088017965e+00
1.440715543230719264e+00
1.269816295016892305e+00
1.063092026758050146e+00
1.563435231226341093e+00
1.167165124156283484e+00
1.139640439412451745e+00
1.130547769322565843e+00
1.339446120114574645e+00
1.044463094224370003e+00
1.121208128750123212e+00
1.178022340734915518e+00
1.135091235093445006e+00
1.139349150720749604e+00
1.153729468548179815e+00
1.239519296052137287e+00
1.036866154585881716e+00
1.409071379327480500e+00
1.183057711648882737e+00
1.048176155312207092e+00
1.372904559576396455e+00
1.624825396117627774e+00
1.502467716477232429e+00
1.210996450386433887e+00
1.271958465286782136e+00
1.049700980536278028e+00
1.091171028094873874e+00
1.032168825341517548e+00
1.184701425028460653e+00
1.207493973936696996e+00
1.046585631367213054e+00
1.221597678749397620e+00
1.237185848523733700e+00
1.040406738470444514e+00
1.258485963325654211e+00
1.709262933256136430e+00
1.347179180432112267e+00
1.056432444523724534e+00
1.754452056763117440e+00
1.125488670064698216e+00
1.177602599354894641e+00
1.074402366660033525e+00
1.496448717771325487e+00
1.044745304449002488e+00
1.174867665569043762e+00
1.141532768990848989e+00
1.147733373432041848e+00
1.183480522186773021e+00
1.268490717674433776e+00
1.291874672838842386e+00
1.046389033521905931e+00
1.437271335804117589e+00
1.243984027587980101e+00
1.055345094928209271e+00
1.247690638076749625e+00
1.564937450298777621e+00
1.656681537578477137e+00
1.402439514841414825e+00
1.279434661273383567e+00
1.036182337162249834e+00
1.099155333785298616e+00
1.037839237489195821e+00
1.224780813940079760e+00
