1.103559100798839454e+00
1.032017265027778352e+00
1.191332483927780572e+00
1.116688448762689800e+00
1.034830336368490755e+00
1.205312636348198962e+00
1.293729794062003169e+00
1.182801255822492292e+00
1.052012350553850784e+00
1.385131246578664266e+00
1.119548502844445625e+00
1.101064508947217746e+00
1.096687293423810328e+00
1.230670423421520887e+00
1.037665769990881559e+00
1.088354339136319515e+00
1.124621827249657313e+00
1.097140374817786812e+00
1.099791126687007514e+00
1.109618503289924396e+00
1.164981503066136570e+00
1.030511606981233008e+00
1.275267157633128035e+00
1.130898044450305173e+00
1.040026981930257888e+00
1.252311710426233571e+00
1.425663377058488113e+00
1.341569002982752279e+00
1.145965863949717001e+00
1.185596818538102726e+00
1.041582575735613858e+00
1.067621923198680101e+00
1.029223622908856495e+00
1.129700235574585321e+00
1.141819995650144470e+00
1.039507935129711180e+00
1.152720561862045079e+00
1.164625051776918330e+00
1.035933153784180272e+00
1.177717102828223394e+00
1.484632188936308106e+00
1.235853280408225174e+00
1.046707728085761957e+00
1.519244357968854375e+00
1.091041038081598913e+00
1.125842891351513275e+00
1.057818823493864135e+00
1.337286707856473189e+00
1.039172689656818971e+00
1.122956030447443077e+00
1.100756648586542763e+00
1.105781462849818819e+00
1.128194395771521030e+00
1.185494447389796813e+00
1.196430942601922398e+00
1.040133307372341553e+00
1.293012668727528514e+00
1.169919095174866364e+00
1.045914695394828620e+00
1.169348915936538447e+00
1.385529400716607240e+00
1.450072716682916818e+00
1.273276223628805770e+00
1.190438294077645232e+00
1.031551693685724080e+00
1.073941781726065914e+00
1.032794141002773669e+00
1.155969133470461596e+00
