1.084779917659808968e+00
1.029569200508838156e+00
1.218597048518345938e+00
1.182183885801081136e+00
1.033978525645315782e+00
1.156238224383885793e+00
1.295687190196890270e+00
1.165340702962768926e+00
1.062448505424431255e+00
1.341975004190348209e+00
1.095912117063200020e+00
1.118696601332300533e+00
1.067201058082002163e+00
1.160093148331168056e+00
1.027828586664452981e+00
1.105294681817345914e+00
1.123813638945468263e+00
1.069417198264457802e+00
1.092079646520130565e+00
1.092596879323722847e+00
1.210842195688674128e+00
1.044642072994314663e+00
1.388157682971120410e+00
1.157441598431888874e+00
1.036467576096108401e+00
1.250021982136021670e+00
1.388484280970157192e+00
1.457493582583114122e+00
1.165134990303073215e+00
1.149366222310710617e+00
1.048336660513829566e+00
1.060230235720301506e+00
1.035440884214833268e+00
1.065060868298673080e+00
1.059078332484966634e+00
1.050722737215691094e+00
1.190800920771674098e+00
1.176203214214069925e+00
1.038301871862696402e+00
1.145303845280021715e+00
1.401402349894735000e+00
1.224814994253962341e+00
1.050949151978886054e+00
1.365607657597644575e+00
1.125955444935605287e+00
1.068624044726963263e+00
1.087255763204539649e+00
1.240130058703530214e+00
1.032614930008805887e+00
1.096319083548389806e+00
1.130213997872905995e+00
1.104480895713977340e+00
1.113165600702195057e+00
1.127001245703466825e+00
1.190228319759209619e+00
1.050026330701556487e+00
1.339557806862951006e+00
1.145113114294503909e+00
1.046371862868655800e+00
1.248773941644922836e+00
1.417673544054317558e+00
1.412046654540478174e+00
1.184030278032376149e+00
1.191769214935403776e+00
1.063904745373437821e+00
1.110796563818614802e+00
1.029404604388415301e+00
1.093144655475972948e+00
