1.505037306250621265e+00
1.062102919127231537e+00
1.958344834644338173e+00
1.868081154618629558e+00
1.063215149740191823e+00
1.621777198485008453e+00
2.790835875546778144e+00
1.623830226940540911e+00
1.107120239832647846e+00
2.867174922562807815e+00
1.329202208946746788e+00
1.402955749520426343e+00
1.221100480870343841e+00
1.952827090309569247e+00
1.045058478106419608e+00
1.453216585413139139e+00
1.685635709379805336e+00
1.237720457410554031e+00
1.484703484770286241e+00
1.665299188854551193e+00
1.802247351772513939e+00
1.089318790793384339e+00
2.709905001656618406e+00
1.602406736760580985e+00
1.096724400875041638e+00
1.935205874507014645e+00
2.199979607542403404e+00
3.246261646620655750e+00
1.861500136676786266e+00
1.813137561252678553e+00
1.054880853327601731e+00
1.110963924490628418e+00
1.106431322415417640e+00
1.333472642335850944e+00
1.387738451903775205e+00
1.063610268175851026e+00
2.060707996644942419e+00
2.193662704753256421e+00
1.042035335662585771e+00
2.167652789864861873e+00
3.544975923038791610e+00
1.924427091802704659e+00
1.059365258734497495e+00
4.063312366223100547e+00
1.722383639684490486e+00
1.480146447304134583e+00
1.296913175250529626e+00
2.252320281270750346e+00
1.058731882963528159e+00
1.354698186691864148e+00
1.656634664042167637e+00
1.927866584583764142e+00
1.847301207724120875e+00
1.931680186400503541e+00
1.925648838060869839e+00
1.069249767925024130e+00
2.393372543174193900e+00
1.468926161995730562e+00
1.156601076653275717e+00
2.377945277132833990e+00
2.395214230435506408e+00
3.557140661413927596e+00
2.101088864100878251e+00
1.969180054616797904e+00
1.089570972466724630e+00
1.168725964061440248e+00
1.084864094266269063e+00
1.541358427830050282e+00
