1.438857678771295667e+00
1.057343482100065790e+00
1.836816481350719732e+00
1.757888210269748841e+00
1.058710725671507813e+00
1.541706830254610860e+00
2.573182293166408563e+00
1.541281378217989939e+00
1.096036818904584598e+00
2.639799536442366090e+00
1.284848683083209542e+00
1.348660208875643418e+00
1.192556820212300028e+00
1.830873012584695703e+00
1.042282818417165746e+00
1.393057502760359778e+00
1.595702855748463822e+00
1.205761001585217818e+00
1.419118371220457364e+00
1.578897742801655513e+00
1.699281347815134291e+00
1.079173855416263317e+00
2.498302268295752526e+00
1.524184289752183563e+00
1.086569709353052415e+00
1.815144767936042847e+00
2.049887191802330477e+00
2.975741204888088909e+00
1.749590152761530515e+00
1.708873710221539222e+00
1.050983223789335286e+00
1.097862134527491484e+00
1.094688732599867098e+00
1.288595726775520145e+00
1.334162293448749814e+00
1.058419828224363979e+00
1.927647990635609876e+00
2.047360976447114123e+00
1.040027482128997205e+00
2.024052791670175377e+00
3.244991029543723204e+00
1.807198361349305671e+00
1.054976995375345172e+00
3.702047291697260878e+00
1.626590807900571312e+00
1.416176133752788280e+00
1.256774759505134398e+00
2.095238823782067605e+00
1.054480862971502786e+00
1.306882296544388256e+00
1.570221337933281669e+00
1.807867032308063227e+00
1.738012341690252427e+00
1.815516881139777050e+00
1.806867943719785652e+00
1.063790333821476475e+00
2.218986074254949425e+00
1.407307952175772092e+00
1.137387984299687460e+00
2.205803959338096920e+00
2.220838833469473528e+00
3.253814439633518241e+00
1.961588617801661050e+00
1.845967921618714591e+00
1.080118392624007440e+00
1.146125424874775867e+00
1.075886654359307526e+00
1.468120649500183283e+00
