1.101344320675646582e+00
1.040450819917721592e+00
1.186479272206842017e+00
1.415672492540646310e+00
1.042817353052374996e+00
1.388614891211024771e+00
1.412065318396245273e+00
1.285985443549740648e+00
1.054449205165260750e+00
1.872311419577319835e+00
1.153465993236637122e+00
1.132480127738436870e+00
1.132193749046444653e+00
1.253142343078690324e+00
1.032746649834787034e+00
1.216973899974193474e+00
1.184756245954421416e+00
1.110039285754078175e+00
1.128136540201241322e+00
1.362900572968262836e+00
1.293135341794853232e+00
1.049470429376653247e+00
1.543870723851263893e+00
1.180566576303857307e+00
1.061275468053588966e+00
1.359176403460924831e+00
1.515297404783995772e+00
1.755884359851596077e+00
1.238308326291122086e+00
1.256085471558378908e+00
1.037110566483493201e+00
1.078880177519772943e+00
1.039634569240786455e+00
1.120518046890640829e+00
1.134353352560014017e+00
1.042181953338866762e+00
1.249204983891906151e+00
1.202362086086878668e+00
1.034922402928215579e+00
1.285212854846034647e+00
1.664492248285209142e+00
1.384716780378278056e+00
1.039826863168214599e+00
1.975746014741777801e+00
1.156849495360025459e+00
1.164855524153460165e+00
1.126360288545611876e+00
1.491172067388504274e+00
1.027177988960925825e+00
1.098758844848909400e+00
1.181030831062840569e+00
1.135596511607010806e+00
1.170504010664303873e+00
1.484499097045109739e+00
1.226190689951912161e+00
1.038390491353321954e+00
1.444705327640374737e+00
1.161448876198654778e+00
1.053906721075138497e+00
1.345679316668074055e+00
1.505645385687275573e+00
1.602961371851467920e+00
1.361577658085283193e+00
1.296262163871696904e+00
1.066660529026077331e+00
1.065070970492607794e+00
1.039114694514662096e+00
1.172199642433433109e+00
