1.056273395110849389e+00
1.030623680265009945e+00
1.083870354325556562e+00
1.163462827506597241e+00
1.033256258353038692e+00
1.161117936557486185e+00
1.159667385192668432e+00
1.118652215132186933e+00
1.038654533539876024e+00
1.353265727448274669e+00
1.075662877781069060e+00
1.066326450053437735e+00
1.068069007710257035e+00
1.110265974778446463e+00
1.026289172990312748e+00
1.093020793188389961e+00
1.083738454008321028e+00
1.056715036663187002e+00
1.063262369823805287e+00
1.147048815828322965e+00
1.122047104886089386e+00
1.029702790688974412e+00
1.213687508016066063e+00
1.085626183159222213e+00
1.038072180930220023e+00
1.144707622142628667e+00
1.202384324620274780e+00
1.302895598720007042e+00
1.103852882453861373e+00
1.109397582259451065e+00
1.028825731600560678e+00
1.043547942177623700e+00
1.029769325629770860e+00
1.062402938727384782e+00
1.063620053952951006e+00
1.030639212197041132e+00
1.104780226064525195e+00
1.092626281664181187e+00
1.029232883457239289e+00
1.118429191950236934e+00
1.259426967153546517e+00
1.153195726721803149e+00
1.030607507818911417e+00
1.397569754981912604e+00
1.073020465775025079e+00
1.077859021076854829e+00
1.061981234377376904e+00
1.195260653808291273e+00
1.025809630663261363e+00
1.053434895307514552e+00
1.080225052711923928e+00
1.066879280882129022e+00
1.077861864762748256e+00
1.197394172640039889e+00
1.094753680445537558e+00
1.030700918477154726e+00
1.173737094333518360e+00
1.077773192317570849e+00
1.036089374550219322e+00
1.138987621325501687e+00
1.203312293317938098e+00
1.240733509151755509e+00
1.147215264865486972e+00
1.122909838910790326e+00
1.039554461737434821e+00
1.039371205296290013e+00
1.028448640933794955e+00
1.080161275746784222e+00
