1.173213101272110093e+00
1.100704114275694590e+00
1.478935860760508758e+00
1.481280682980217644e+00
1.048314741866748445e+00
1.460427007201277494e+00
1.936556806129519748e+00
1.483507222401317494e+00
1.072127070546633254e+00
2.135395189049471121e+00
1.247498117705905463e+00
1.222680754474775089e+00
1.146961060033623303e+00
1.610596418156183152e+00
1.037176625359889970e+00
1.265552209243411275e+00
1.401313386572091702e+00
1.125222535050476091e+00
1.261930886273646024e+00
1.281517317822921109e+00
1.611471632865508319e+00
1.080680655451839778e+00
1.976761830513579454e+00
1.280976275474809745e+00
1.064491734272828394e+00
1.581858411231646944e+00
1.911407102081485121e+00
2.311616176878112938e+00
1.391979177123284339e+00
1.567067015540116515e+00
1.058238163611747495e+00
1.136731304917512508e+00
1.053856389705052354e+00
1.251442349844671176e+00
1.208555178655027929e+00
1.098879437053729591e+00
1.262238856292813960e+00
1.582447280788017663e+00
1.044378629213550402e+00
1.598249234148379383e+00
2.268605035737435660e+00
1.722911288533441665e+00
1.064152193562355242e+00
2.671129962359261256e+00
1.222133073753632004e+00
1.333783701670808508e+00
1.237108523430223705e+00
1.919539403380676745e+00
1.050476889541682946e+00
1.219787064118558417e+00
1.342571592080579190e+00
1.204370792372267518e+00
1.282960264657158733e+00
1.418576928050389041e+00
1.488078859459937897e+00
1.100917578467825342e+00
1.701761414879593870e+00
1.272633129688825360e+00
1.114535515087388573e+00
1.552405209196150437e+00
1.631873836879681461e+00
2.428980476017288392e+00
1.373906962346597593e+00
1.399180074254477768e+00
1.129307208004258101e+00
1.058733876549919017e+00
1.072603073348738389e+00
1.235349294353447647e+00
