1.117245076751680388e+00
1.073673169335252142e+00
1.306066744817199865e+00
1.308954049244787532e+00
1.041080238520623924e+00
1.298192325558107152e+00
1.607844093984942324e+00
1.307510010670985157e+00
1.056788653072836759e+00
1.740869129667753645e+00
1.161625686591943651e+00
1.145968040104566210e+00
1.102512418227417523e+00
1.391998467510137782e+00
1.032112823632307164e+00
1.171932281092518568e+00
1.254913066552566736e+00
1.086152056678417965e+00
1.167124089615713567e+00
1.182515061465745143e+00
1.395357555397861882e+00
1.057473433956835240e+00
1.631765179637251872e+00
1.185509731727619753e+00
1.049610172393578233e+00
1.371677041925613016e+00
1.592750704942659024e+00
1.857714754113714450e+00
1.250515077014415333e+00
1.364276180138325190e+00
1.046365875266094259e+00
1.092032747923350033e+00
1.043444029189348754e+00
1.162872031184377652e+00
1.133794830914634844e+00
1.071166996930235538e+00
1.168589142081980725e+00
1.374851917956210645e+00
1.038204123381901489e+00
1.386623716816347551e+00
1.829014848956409534e+00
1.466921504617038963e+00
1.050601321092731855e+00
2.099548921708460192e+00
1.142473624411055155e+00
1.213405459085166616e+00
1.153043815934720273e+00
1.594022555578339384e+00
1.042578703037990717e+00
1.144472217564006078e+00
1.215637583388188281e+00
1.132859001543595312e+00
1.178867847749945463e+00
1.268129061737576224e+00
1.308537006613981868e+00
1.073838070042416382e+00
1.446343650808142423e+00
1.178962973121923774e+00
1.080943757253693516e+00
1.349863092807170650e+00
1.405818350199119049e+00
1.940080385378352590e+00
1.239660566554166010e+00
1.253439780171267337e+00
1.088075205508531429e+00
1.045972054051872657e+00
1.054162374591929296e+00
1.151714890208574760e+00
