1.121973445774898659e+00
1.050255158114115739e+00
1.212995960951750218e+00
1.263540256054349831e+00
1.045397252560535728e+00
1.217773328557470114e+00
1.531303463310102808e+00
1.288440851507616447e+00
1.077639877628078446e+00
1.605788478786230877e+00
1.150856011130687584e+00
1.063967885739908414e+00
1.116586785592229569e+00
1.316143775054419152e+00
1.039070136999451277e+00
1.149451274151052749e+00
1.220214530490236760e+00
1.096164962831056799e+00
1.160095960008423077e+00
1.141001192159112998e+00
1.279644083188716586e+00
1.039338078284097078e+00
1.466324681583317302e+00
1.241039754950028273e+00
1.062871707855223891e+00
1.307339335388302937e+00
1.519564496350322758e+00
1.815355786141022110e+00
1.251127602564983121e+00
1.327890729709991557e+00
1.055649820890973922e+00
1.065457117429516432e+00
1.060304279477291889e+00
1.200779207295576745e+00
1.171304519891920304e+00
1.051681507557560291e+00
1.233822179274201680e+00
1.413015939943743637e+00
1.040555272707240020e+00
1.254031701458098835e+00
1.844758977240054554e+00
1.544007957873400283e+00
1.062197691842080571e+00
1.818742217765509928e+00
1.217587781443448147e+00
1.098887992125225921e+00
1.148553292426199635e+00
1.700548908640895585e+00
1.038155466355453527e+00
1.179646164195023994e+00
1.219716541016971023e+00
1.198526825589673495e+00
1.173113971737971051e+00
1.221096876808136722e+00
1.366218643343073857e+00
1.060737273350168541e+00
1.427356103932105436e+00
1.318707773994743260e+00
1.053155332494830398e+00
1.350762782797328976e+00
1.568963356693027666e+00
1.836642579020344446e+00
1.372753163268035204e+00
1.408864547638871034e+00
1.066785441647879473e+00
1.115813224518692914e+00
1.046496456953093679e+00
1.173063293554379216e+00
