1.063555971805304923e+00
1.034904522494279222e+00
1.092896824288516200e+00
1.109594405984199561e+00
1.034163898119643488e+00
1.099262971219277629e+00
1.203659494245171713e+00
1.118511832296904096e+00
1.047817881265942663e+00
1.244431415563381105e+00
1.075086634571845057e+00
1.040848449713202895e+00
1.061896898778947218e+00
1.133247764904481647e+00
1.028912864442261599e+00
1.070084516131888819e+00
1.095621180079662471e+00
1.051646078381504479e+00
1.074869736806350895e+00
1.068430802022986459e+00
1.116154045692369312e+00
1.025551509448690668e+00
1.182745567596987568e+00
1.108493816342891236e+00
1.038703837795425411e+00
1.125691399873742338e+00
1.204247053534981182e+00
1.325563979884613941e+00
1.109687482354813737e+00
1.134040279187906952e+00
1.036532616016893060e+00
1.038207502750293720e+00
1.037876202047804952e+00
1.091200924598378030e+00
1.076496632046962221e+00
1.034746619091889253e+00
1.099451499875971461e+00
1.169190530359102365e+00
1.032033780656272270e+00
1.107449382640452340e+00
1.336474743450881908e+00
1.216333663697519496e+00
1.040192870093581190e+00
1.332420376881407575e+00
1.094129251682610882e+00
1.054607641544497376e+00
1.069812178113951129e+00
1.279275939472462431e+00
1.031017673397342183e+00
1.082460141934860287e+00
1.093423077854957182e+00
1.088478052752513081e+00
1.078164691317548440e+00
1.098703722495951940e+00
1.143968009207589009e+00
1.039915608854265372e+00
1.165091921938013586e+00
1.133766447782911024e+00
1.035989250460587652e+00
1.140360209066943797e+00
1.225796147044828865e+00
1.337099766475270402e+00
1.152675320918346014e+00
1.164251215252332550e+00
1.039407560520885010e+00
1.059273861594482335e+00
1.031529248888766626e+00
1.080052608410427384e+00
