1.162347941633421256e+00
1.066041687241786384e+00
1.196740827082561465e+00
1.114322488907761866e+00
1.037810916261279193e+00
1.190182213701588942e+00
1.477643274152006247e+00
1.229871870975938419e+00
1.083678437160137342e+00
1.363317631641530747e+00
1.153991972148125766e+00
1.048758457227100260e+00
1.087370018824611373e+00
1.265944253346383386e+00
1.027595802446462647e+00
1.078987793523481065e+00
1.116928025707040195e+00
1.079879885350176982e+00
1.097716420582076857e+00
1.062588325375690479e+00
1.128656910343360131e+00
1.061532474402304915e+00
1.256766373934691927e+00
1.161543832860444159e+00
1.044098494869232008e+00
1.327158184399874985e+00
1.370025564857777045e+00
1.495875185819619535e+00
1.204519485207431018e+00
1.275056152552479727e+00
1.053760243362375837e+00
1.071352549157094103e+00
1.050772739168194025e+00
1.087345472060682550e+00
1.060146895047044513e+00
1.054630275602796763e+00
1.216319318366918312e+00
1.097995633488943357e+00
1.030333009982945969e+00
1.135025847704558721e+00
1.485728113692476704e+00
1.223223977916703120e+00
1.041365972621796532e+00
1.382855949035389775e+00
1.110423992763072354e+00
1.033368730732017182e+00
1.083586326854320658e+00
1.296932214220241519e+00
1.034839008701576635e+00
1.044577466018987488e+00
1.099699321012127973e+00
1.124312565988996537e+00
1.089754496120731941e+00
1.082130034448527622e+00
1.176196512306730613e+00
1.055311170799539955e+00
1.273499629416332768e+00
1.137178991139555340e+00
1.046786251999721529e+00
1.280834896892174557e+00
1.405003891871235311e+00
1.477719716661115124e+00
1.191391052466054701e+00
1.234676504183868317e+00
1.040030823938944859e+00
1.059913756497618653e+00
1.031596955466863141e+00
1.135620685972151156e+00
