1.127707315173150482e+00
1.055914853187621016e+00
1.271955179423667204e+00
1.261133237820052821e+00
1.032762205012563106e+00
1.231075197752473871e+00
1.331119132715295583e+00
1.295163623939474373e+00
1.055855133937533274e+00
1.569158457746328672e+00
1.199266428702705278e+00
1.087927990602234551e+00
1.091024739276025501e+00
1.308784066786039757e+00
1.027421035772719815e+00
1.137532640076017065e+00
1.180008657239842051e+00
1.198509613705915688e+00
1.172775280110186502e+00
1.265946210557641116e+00
1.264360724902831246e+00
1.073296316511947790e+00
1.534446598261848038e+00
1.120916906202892527e+00
1.043628364429807664e+00
1.421927758489250238e+00
1.479578793709856344e+00
1.546338879873472294e+00
1.207957710455988209e+00
1.244369588467833188e+00
1.068563531461311777e+00
1.089958941772302126e+00
1.036621574613797669e+00
1.132761602111819643e+00
1.066158695532509970e+00
1.060670780700749605e+00
1.276250798974005285e+00
1.241000157745631105e+00
1.038521011414402340e+00
1.224171801652904401e+00
1.585409628220265654e+00
1.332007596393124826e+00
1.050894781388337806e+00
1.621326714145715275e+00
1.118846345872581916e+00
1.170862598567087298e+00
1.072239416918864485e+00
1.399409585077258544e+00
1.034437866230313530e+00
1.124962674451575939e+00
1.179706483228745828e+00
1.111238368157234424e+00
1.180490143963846439e+00
1.177941059934840773e+00
1.215244986344079736e+00
1.066896792675061434e+00
1.429951132492762511e+00
1.152710291394491771e+00
1.052500216305842340e+00
1.368148409684809996e+00
1.529302365127324315e+00
1.670271242861257388e+00
1.268559817521814903e+00
1.247053251818749153e+00
1.055926780724963487e+00
1.096512603187566492e+00
1.038287224398571240e+00
1.113374256800691908e+00
