1.372782950042802819e+00
1.119261493927801165e+00
1.818026431761389006e+00
1.795113450836885338e+00
1.044072593326327514e+00
1.687182317527818443e+00
2.017576890276953971e+00
1.909194184995625987e+00
1.112727733137962360e+00
2.663379462937276010e+00
1.609239481399362015e+00
1.236493334709512837e+00
1.239236192513016199e+00
1.939755297452500082e+00
1.037375198537624721e+00
1.411774972972655418e+00
1.553699306849076978e+00
1.620271564770282113e+00
1.542089210843458291e+00
1.800769024331420720e+00
1.796345358235705181e+00
1.208331127614908906e+00
2.579045972794879571e+00
1.339043557216466285e+00
1.086363281164379968e+00
2.265238518866540929e+00
2.407646065378371780e+00
2.601077554478325560e+00
1.640806797359673386e+00
1.748443776301183972e+00
1.167316618368756442e+00
1.263397832082030492e+00
1.060763196309924883e+00
1.396883501486319901e+00
1.170423452937657149e+00
1.139719079429412085e+00
1.832361360278574436e+00
1.726790028398576649e+00
1.062368302283827060e+00
1.679733717907093027e+00
2.701892172998304975e+00
2.001848340568974205e+00
1.102680379826076029e+00
2.805289260195213963e+00
1.363062332573385937e+00
1.517846115322931899e+00
1.185810754753607643e+00
2.196649319963622116e+00
1.049521073303087526e+00
1.365510269906130336e+00
1.558083687850813970e+00
1.329481542121285109e+00
1.563747102589457594e+00
1.537747382766987636e+00
1.668336172989766553e+00
1.154539740281589788e+00
2.291671013028455661e+00
1.445512658289926256e+00
1.108999361247991144e+00
2.108429338488445826e+00
2.540066284083830173e+00
2.931316877714318370e+00
1.811465935185411436e+00
1.755842687670001512e+00
1.128335739833691953e+00
1.273477883932372601e+00
1.070411204487394130e+00
1.337326660658992195e+00
