1.088631716184343734e+00
1.084772425788269601e+00
1.390724368101047270e+00
1.278415466137384993e+00
1.046636178725389943e+00
1.273665208248638159e+00
1.445507993366763166e+00
1.296507471878232565e+00
1.090208827021684090e+00
1.536866013843711132e+00
1.140305151395364591e+00
1.162159234777330852e+00
1.107564987264666234e+00
1.288503158254719061e+00
1.029615120988689458e+00
1.194021985795588936e+00
1.213119579718176855e+00
1.080144343627724934e+00
1.125302512216121098e+00
1.319125317810925679e+00
1.217172368093780932e+00
1.147243295964835097e+00
1.687456380653840959e+00
1.228585492795703837e+00
1.052403590140140732e+00
1.283438289917226527e+00
1.557770002477477655e+00
1.561835170508957482e+00
1.223356539863471815e+00
1.269840911195728284e+00
1.036727113351227691e+00
1.131265322363177672e+00
1.054358124464904067e+00
1.112701125857197937e+00
1.103165043955494307e+00
1.096842693581992156e+00
1.257862534627888440e+00
1.612352284704671623e+00
1.045049382665284465e+00
1.262850364800164549e+00
1.721626744004777887e+00
1.558797645620823680e+00
1.064940034245106748e+00
2.028384387927303134e+00
1.190102898616022475e+00
1.168129639880982396e+00
1.104238738502579587e+00
1.585032178063548347e+00
1.031210152891595788e+00
1.079561799954187551e+00
1.237059651002903271e+00
1.187908540972683058e+00
1.165460831819190579e+00
1.469317486148279395e+00
1.392161290685886232e+00
1.083840252804166848e+00
1.657887683168786763e+00
1.178958195906244510e+00
1.074576816842460092e+00
1.379047757032297206e+00
1.613151526398817204e+00
1.779556093408483086e+00
1.339307997257408234e+00
1.448221157021408967e+00
1.046754578225408183e+00
1.284607894165162856e+00
1.041401101678338881e+00
1.238391972256380091e+00
