1.068874387621790989e+00
1.065488724247318997e+00
1.264801490027339437e+00
1.188168995115884252e+00
1.040352048879580327e+00
1.189647796124270851e+00
1.298490419073234925e+00
1.200502263887799126e+00
1.070072088567031399e+00
1.365525296216923090e+00
1.103409463994602158e+00
1.114730130528443386e+00
1.081370152755623426e+00
1.198186379444013738e+00
1.027091128961118649e+00
1.135094503447287684e+00
1.148062698198409670e+00
1.061700739222050771e+00
1.091181055753049467e+00
1.217244653815167776e+00
1.151337619613611141e+00
1.102122748659292606e+00
1.469127443486970330e+00
1.159750391033645744e+00
1.042986767452151797e+00
1.193313293865866598e+00
1.379857621695382397e+00
1.382067913727860642e+00
1.155391019335427316e+00
1.185007077503746009e+00
1.032579673644272056e+00
1.093397519270433715e+00
1.044505124124888162e+00
1.084123063095123962e+00
1.076628781457322104e+00
1.073029641250801136e+00
1.176741933435129006e+00
1.422430391493220148e+00
1.039271053656935839e+00
1.181181175127389738e+00
1.496247095853557196e+00
1.381271932829569060e+00
1.052703832544468643e+00
1.714868974736515561e+00
1.131673983468269418e+00
1.120242013178878171e+00
1.077424070970908421e+00
1.399925196661446103e+00
1.029452609443545219e+00
1.062680941637269783e+00
1.161848873328999554e+00
1.131186861309595892e+00
1.116116742775337567e+00
1.323673073839409131e+00
1.265778573182573252e+00
1.065968484509604464e+00
1.448057979069369061e+00
1.128382030332087949e+00
1.058729907869601305e+00
1.257282182098637735e+00
1.421426592208115736e+00
1.539095053734328866e+00
1.232131485521389180e+00
1.305392710037539317e+00
1.038881714734521955e+00
1.193582738115787301e+00
1.035280470832437461e+00
1.163420486379241003e+00
