1.621722343958751367e+00
1.096852601463052190e+00
1.673012197744407237e+00
1.792052795144159827e+00
1.106797355443767783e+00
1.422528933724248823e+00
2.783376853520911354e+00
1.828407148662148263e+00
1.182958922081996045e+00
2.625979636778288384e+00
1.344735200059348657e+00
1.223634854684290563e+00
1.280100440122774685e+00
2.306082001283927596e+00
1.063464973386721857e+00
1.432632460810045805e+00
1.758941987659845330e+00
1.332681784743257491e+00
1.572166935549071720e+00
1.311538313763844998e+00
2.049172485809499733e+00
1.154221752772969012e+00
2.618219171441749538e+00
1.757182538548387019e+00
1.101437927885434709e+00
1.972054598968666417e+00
2.602713182312732965e+00
2.618619086692524967e+00
1.973692716181534745e+00
1.850476063012048922e+00
1.080112579240395387e+00
1.298216504892315770e+00
1.124289659321289436e+00
1.595530666716486579e+00
1.332797612219777106e+00
1.127426658633444045e+00
1.891689853261729004e+00
2.093011360908242580e+00
1.059285418293934411e+00
1.537568535836059569e+00
2.770399087761360679e+00
2.642811133019088654e+00
1.261805810353633817e+00
3.239552623474068582e+00
1.665946652939629180e+00
1.469193479727957552e+00
1.292285992822610474e+00
2.754837980059921865e+00
1.048495399411976337e+00
1.465003875381837073e+00
1.609920314136133790e+00
1.748139735340427769e+00
1.907344015756058164e+00
1.526088699715034913e+00
1.794246313043415197e+00
1.204824413722083154e+00
2.392072679993459960e+00
1.719631220993059095e+00
1.106191445424648423e+00
2.365366267331691752e+00
2.325135341107462228e+00
2.795304714157851755e+00
1.852490950123826918e+00
2.069886651365098640e+00
1.097020199389189266e+00
1.383476926449710875e+00
1.070073345138222498e+00
1.513503895907819530e+00
