1.251865818189211277e+00
1.054362473201510220e+00
1.270465710325592523e+00
1.315925733544213161e+00
1.059473599245745579e+00
1.174099218321933868e+00
1.744534771715569921e+00
1.331475110187973820e+00
1.085630807236811490e+00
1.680159642027216460e+00
1.140562826227959681e+00
1.097211128972453986e+00
1.119717879093975244e+00
1.533558327845803593e+00
1.039458816583458400e+00
1.172310600002011816e+00
1.302212346844542123e+00
1.133253889725278629e+00
1.223383695752113809e+00
1.127986289138221299e+00
1.428543641415092491e+00
1.067520005480375067e+00
1.670099595891173960e+00
1.307180178975141382e+00
1.054063282079349406e+00
1.392716468491377979e+00
1.665582086331272249e+00
1.672087599956619819e+00
1.391118692545046942e+00
1.342431297784339117e+00
1.047105382997416845e+00
1.119581436013793452e+00
1.062701190770985571e+00
1.237772874734367701e+00
1.130684511357267885e+00
1.064214405756548798e+00
1.359877056096810977e+00
1.448688306736448661e+00
1.040699469468038929e+00
1.214616675753111164e+00
1.745167983303955284e+00
1.687796475832290977e+00
1.109295769126732889e+00
1.945998946652387041e+00
1.258952346681202261e+00
1.187197272624996414e+00
1.120684665194421559e+00
1.729640435365094264e+00
1.035891080767527006e+00
1.185296514093566289e+00
1.239160164778599915e+00
1.294846057173098197e+00
1.361576651973656737e+00
1.211702315356614879e+00
1.313832269309072487e+00
1.091980221967352005e+00
1.566109713023397854e+00
1.289695319103486781e+00
1.057184135923915136e+00
1.556792337542551641e+00
1.547152887131377552e+00
1.753630578570890775e+00
1.341523169851921438e+00
1.431418888410146417e+00
1.052016411523648332e+00
1.149773696447655480e+00
1.041691315726556821e+00
1.200101596689019168e+00
