1.115642488120857978e+00
1.040008519920796459e+00
1.242362660574688027e+00
1.113222575093504085e+00
1.032812345023136347e+00
1.269199878858206398e+00
1.505312042954741747e+00
1.314000134072655035e+00
1.064848206615550685e+00
1.584676742458797971e+00
1.122808467501193563e+00
1.101254218667400364e+00
1.082723688937659468e+00
1.343050164042709937e+00
1.028539365337041378e+00
1.104488611239597962e+00
1.267909905067684306e+00
1.139254354594197327e+00
1.204072710188668349e+00
1.105731359781111367e+00
1.373760368258593267e+00
1.040794572024221321e+00
1.435452369310806553e+00
1.198479627122117419e+00
1.058130729378044643e+00
1.385988159139363907e+00
1.449013598428282368e+00
1.598471429950135025e+00
1.277810756283188187e+00
1.342551493531006113e+00
1.041803589485821524e+00
1.055165067623907049e+00
1.036151244005659500e+00
1.141080778358825931e+00
1.117516912427734210e+00
1.045255225038843605e+00
1.170953589179933418e+00
1.194785203195156020e+00
1.035532825738609830e+00
1.300958270754680068e+00
1.427491151756024257e+00
1.437077106502127055e+00
1.058236020551177825e+00
1.638545387992017988e+00
1.136161075991512615e+00
1.169793834816718059e+00
1.069367044303227710e+00
1.428514885998118711e+00
1.034927265610532610e+00
1.090986719910632452e+00
1.109068568159530255e+00
1.142211289757571802e+00
1.164536183354307308e+00
1.098189518250895613e+00
1.166391192982926706e+00
1.044763353725595145e+00
1.241846345068263524e+00
1.220633079174620494e+00
1.045382040785128419e+00
1.377744198390657537e+00
1.389255063958696690e+00
1.792457433708342762e+00
1.280183531806826647e+00
1.201336822056573439e+00
1.041313424831032286e+00
1.102802283132324979e+00
1.026759610265013833e+00
1.123300137474745330e+00
