1.077328047945820266e+00
1.033471817403782467e+00
1.142785902607709625e+00
1.073821811784023916e+00
1.030018232744858375e+00
1.161156360839111779e+00
1.286361751395799224e+00
1.181725656938169999e+00
1.049582366933833999e+00
1.343701724254524832e+00
1.081639125881746599e+00
1.069319617655861698e+00
1.059097624076266397e+00
1.201604590404963480e+00
1.025644940274091477e+00
1.069974516915976004e+00
1.156827135537151108e+00
1.088194503253895995e+00
1.122716321678997042e+00
1.071035164847565335e+00
1.218058109785904675e+00
1.030781792418326015e+00
1.249791340591550171e+00
1.123173934631174431e+00
1.043405770947007039e+00
1.222124742697288324e+00
1.259423435051068463e+00
1.351029051774477630e+00
1.163951358774820033e+00
1.198531577699192496e+00
1.034331208594994056e+00
1.040567906395754694e+00
1.030726302049956855e+00
1.090306762539769769e+00
1.075382981958002748e+00
1.036130660266734393e+00
1.105628654245882858e+00
1.121297633873613364e+00
1.031528523582204482e+00
1.175890898539780016e+00
1.245123229520547881e+00
1.252310491613617183e+00
1.044671833844063480e+00
1.375535004896079272e+00
1.086063615181906528e+00
1.106165058351948449e+00
1.049856439697993693e+00
1.248693769616289195e+00
1.031207043462299300e+00
1.063222971712419307e+00
1.071596217092298575e+00
1.090297379118313481e+00
1.101953825938997378e+00
1.068446117140575247e+00
1.102083416621750356e+00
1.036985709565397595e+00
1.141730642236119309e+00
1.134181329083312040e+00
1.036717589791975369e+00
1.219224743641058151e+00
1.227848214033507634e+00
1.469771152185278984e+00
1.165205190592036422e+00
1.122847020217283331e+00
1.033266069003884624e+00
1.068524217071094462e+00
1.024339495647025311e+00
1.080497182147287738e+00
