1.114799252927651363e+00
1.028230090084565118e+00
1.153938480527615829e+00
1.166590954922601009e+00
1.026968116822625010e+00
1.179488380048546725e+00
1.354494950465776615e+00
1.260841339004237671e+00
1.044015783716577106e+00
1.389315064987086901e+00
1.085338044315602213e+00
1.120731729662594933e+00
1.083931229959269826e+00
1.299120591507339828e+00
1.021517679729918804e+00
1.036314359226439219e+00
1.152805609141846599e+00
1.063937301672015279e+00
1.108544934303792528e+00
1.160974541072615107e+00
1.260925267449139131e+00
1.027069990560737889e+00
1.235404237999534693e+00
1.106448070564961750e+00
1.026102340078847375e+00
1.169477852326922251e+00
1.294659958740305816e+00
1.367045832392345561e+00
1.209409565826249811e+00
1.185718821407541368e+00
1.033869950442876551e+00
1.072258588873133300e+00
1.031866508880192601e+00
1.090188506422553605e+00
1.096081712438580880e+00
1.031304064767403883e+00
1.192163620295638493e+00
1.258579822472854604e+00
1.048441162115670400e+00
1.267601904671629587e+00
1.524534050960970166e+00
1.339565661516044504e+00
1.031792334513168097e+00
1.614838159945816365e+00
1.080065914353284917e+00
1.138256986185400166e+00
1.056914264109849011e+00
1.304608552624207940e+00
1.035517801790666104e+00
1.070052988407502736e+00
1.094718650353013079e+00
1.122150430505532315e+00
1.134372572089712872e+00
1.240315669907740004e+00
1.227720326299558629e+00
1.031636376654768039e+00
1.324625811668889375e+00
1.126917259926429216e+00
1.030515041112937347e+00
1.281977327365612984e+00
1.340999203559035458e+00
1.321526501778944818e+00
1.183899024604316619e+00
1.236115492678828920e+00
1.024886071498579243e+00
1.072644464005313436e+00
1.041759000236793797e+00
1.078230905287003383e+00
