1.076654367808739909e+00
1.026254216680327014e+00
1.097109436612317523e+00
1.100653395107813237e+00
1.026312419669221709e+00
1.111742259058096094e+00
1.199648480980912923e+00
1.152281825205156318e+00
1.037035424329234790e+00
1.227730707221035500e+00
1.061484453616679868e+00
1.078998130098333785e+00
1.059703683402289931e+00
1.176087907721755421e+00
1.021172638668568222e+00
1.030742511122165750e+00
1.096317319970348203e+00
1.047055988389205883e+00
1.071783249242803882e+00
1.100158406723522830e+00
1.154312268047198442e+00
1.022473533009833568e+00
1.138028123817317550e+00
1.072387242830727283e+00
1.024005478647220135e+00
1.105358911624241269e+00
1.173105681963186209e+00
1.212630266792900091e+00
1.127491807088575548e+00
1.113464970538790677e+00
1.029514625195117716e+00
1.050008505882022769e+00
1.028063073106425973e+00
1.063270718298417572e+00
1.063945281893552197e+00
1.027635642233823754e+00
1.116086084394123379e+00
1.154136890188817155e+00
1.039442358339694783e+00
1.157773443499608090e+00
1.301721710105782526e+00
1.197203471956020282e+00
1.028487897156020292e+00
1.358191235273752184e+00
1.055589438973917105e+00
1.088675934099563758e+00
1.042043661905715624e+00
1.178559937295710736e+00
1.031551201054619948e+00
1.050684219903359917e+00
1.063428862426184063e+00
1.080238605695946097e+00
1.086046529822601192e+00
1.144564585424808767e+00
1.133000705878631775e+00
1.028880046156803063e+00
1.186330299861482196e+00
1.083172417366113027e+00
1.027619435678749138e+00
1.165739573378918426e+00
1.198501635804548604e+00
1.188266526882146845e+00
1.113187056670877695e+00
1.140324745079169810e+00
1.023118011770961289e+00
1.051683159109987775e+00
1.033356735474593613e+00
1.055799858591573104e+00
