1.108148164852748252e+00
1.067633610130075628e+00
1.282149472546825875e+00
1.293612039578058148e+00
1.033226050796538953e+00
1.303716974180356702e+00
1.709953802956659441e+00
1.239952503240403514e+00
1.069525976358883357e+00
1.639495284337348702e+00
1.105687316720159963e+00
1.096184015583409499e+00
1.083586345861946798e+00
1.330755060607101026e+00
1.029997504361804372e+00
1.246310398175963119e+00
1.241543912440378206e+00
1.068142016907259517e+00
1.115696181735741366e+00
1.184022986024647395e+00
1.290791764656915142e+00
1.059748525574158329e+00
1.659776743802652943e+00
1.199901188776451466e+00
1.062662648077094651e+00
1.329873370725821013e+00
1.461233685955356076e+00
1.855400749714638753e+00
1.229725444728986705e+00
1.266336066415892470e+00
1.032392088501672855e+00
1.066201684421512086e+00
1.036953936113532704e+00
1.126644844159494951e+00
1.127348336643727578e+00
1.074462634920058779e+00
1.189825290760092136e+00
1.300606156044892492e+00
1.031733875636531517e+00
1.270678171108616361e+00
1.809021719443562493e+00
1.445745199842249029e+00
1.058366714025735345e+00
1.835371644984691963e+00
1.121948128645871234e+00
1.107692764444155653e+00
1.101835258662536399e+00
1.471940739751919081e+00
1.028998382916470611e+00
1.230280675016452996e+00
1.142940203484982042e+00
1.141195595049893097e+00
1.170362021012533393e+00
1.257340894328704106e+00
1.222422319475328312e+00
1.072794095567789263e+00
1.636212181054960579e+00
1.145045614990932048e+00
1.056186120772383052e+00
1.283253577746139795e+00
1.436567583311604723e+00
1.798158865479845714e+00
1.252478945030895519e+00
1.448599846601773988e+00
1.057709748373117709e+00
1.075265571237217666e+00
1.034267184822525110e+00
1.134163208736937989e+00
