1.338986218446872822e+00
1.203679136623273749e+00
1.629665985949561469e+00
1.699428650277398978e+00
1.066418368702966468e+00
1.898002072670670337e+00
2.628497636459320663e+00
2.029872247635717386e+00
1.090176871345371890e+00
2.770548164806837743e+00
1.430761364415667369e+00
1.401825135542300593e+00
1.324128054279585465e+00
1.953600484049363040e+00
1.069370061936653071e+00
1.237403238035912789e+00
1.639667550070296631e+00
1.360961855246266783e+00
1.431760459497469551e+00
1.258688609995516128e+00
1.444245666300304709e+00
1.236746917355815212e+00
2.157288525743548124e+00
1.720040541900103026e+00
1.190063812263419951e+00
2.128292456893611906e+00
2.342560261653888976e+00
2.557797536743225297e+00
1.788197016666255967e+00
1.727004049133913588e+00
1.128678348009434229e+00
1.235868273763084391e+00
1.061108518058857753e+00
1.499366852998285538e+00
1.298548277969446829e+00
1.148971432503312240e+00
1.647003011745063805e+00
1.870288517362800773e+00
1.051012681011962657e+00
1.702466751315176108e+00
2.687566200324471577e+00
1.988065853545714967e+00
1.128075198761681497e+00
3.489469522123917145e+00
1.520566063979021720e+00
1.206109945256693239e+00
1.287909602411017262e+00
2.235740021566300140e+00
1.083485802149521060e+00
1.348770393339797202e+00
1.554226845243784183e+00
1.430318238303348810e+00
1.436649576433527642e+00
1.736702938954166386e+00
1.662040364437872508e+00
1.156373163021566119e+00
2.048198664350600939e+00
1.500956261556414040e+00
1.148888355422471363e+00
2.029870576722865749e+00
1.968673805984284764e+00
2.713724956095951324e+00
2.165361789012308247e+00
1.759745978879024175e+00
1.156696969304668698e+00
1.235053706076782554e+00
1.157786424745822051e+00
1.521872153736861799e+00
