1.159641977381885125e+00
1.101537781329470889e+00
1.291602585891273414e+00
1.320762684674697152e+00
1.045954563214009925e+00
1.425511077876363775e+00
1.778791251811116858e+00
1.479049782187914497e+00
1.056893565698372450e+00
1.847389746043474057e+00
1.196715476731068595e+00
1.184096773525039836e+00
1.152291308719091356e+00
1.442870596652265469e+00
1.045123333699447210e+00
1.113870676210214183e+00
1.291988037896962593e+00
1.163426800182705723e+00
1.193847282259821618e+00
1.122981006372933521e+00
1.204717609984240045e+00
1.108613854345588123e+00
1.540196049631025632e+00
1.334792123196478997e+00
1.094312323047808899e+00
1.527613132158401443e+00
1.632792690781269096e+00
1.741541453009056273e+00
1.361242038982565905e+00
1.333598746208382702e+00
1.070590291923773307e+00
1.111024300349742866e+00
1.041975893294552424e+00
1.226873925470606697e+00
1.135717121593505574e+00
1.078349066488035968e+00
1.296465314646813916e+00
1.407282992681383460e+00
1.038199733440263062e+00
1.327894066676326590e+00
1.816456435302084449e+00
1.460740845720655434e+00
1.070610012054046267e+00
2.206474382879872742e+00
1.231899194302890299e+00
1.101324865750191284e+00
1.134227581805655971e+00
1.577195328969199339e+00
1.053560877939710760e+00
1.160816367915571412e+00
1.250025726221945632e+00
1.193273729921307202e+00
1.195574133022837549e+00
1.344943488832867740e+00
1.299383806199520652e+00
1.083626590298765180e+00
1.482527276917545933e+00
1.231461460652742312e+00
1.079277371126605045e+00
1.476484870113723202e+00
1.449019023514020121e+00
1.821130284597373139e+00
1.543669129509347426e+00
1.346744805000790635e+00
1.080169874150254117e+00
1.110963219660014101e+00
1.080619741574698311e+00
1.234910397543672600e+00
