1.144432330767692241e+00
1.085302350850533504e+00
1.328425308766064239e+00
1.406796413288756487e+00
1.043315740389094914e+00
1.289081460892618214e+00
1.436320962553457425e+00
1.386475358541369163e+00
1.102035510704574506e+00
1.795459461391283540e+00
1.241352598559436249e+00
1.156648719020245020e+00
1.147626259210523303e+00
1.379411043554724881e+00
1.034614870231248540e+00
1.180402555548684784e+00
1.313395552157418322e+00
1.165409434475405792e+00
1.295955803037308396e+00
1.227763370526723241e+00
1.325071761830096451e+00
1.079983906361758672e+00
1.688611912439360152e+00
1.271014054962863904e+00
1.085972518474788817e+00
1.452542881270563191e+00
1.700207310605554412e+00
1.852715126832903403e+00
1.231058362429824360e+00
1.205966650980445420e+00
1.059630886423023943e+00
1.084515441938531666e+00
1.052917142386498028e+00
1.160469614390741810e+00
1.167569565201573178e+00
1.064802210209219169e+00
1.273966937086270734e+00
1.436588850758705238e+00
1.034573558504106261e+00
1.367466388115556875e+00
1.752229620095197893e+00
1.600060703140899765e+00
1.057762875702209282e+00
1.976935377867706345e+00
1.225786662749152489e+00
1.101732376510452305e+00
1.130685644685645252e+00
1.640836433110851367e+00
1.043509828880543333e+00
1.124698180757935262e+00
1.203825368269460405e+00
1.186294861033690973e+00
1.253587267147320050e+00
1.185696686731721128e+00
1.242458991752388719e+00
1.054543168009708598e+00
1.517009251727535979e+00
1.183943119261053667e+00
1.056779126568558658e+00
1.382868818346904671e+00
1.496556785244143262e+00
2.045374617600690836e+00
1.388957181207609359e+00
1.253186301651601608e+00
1.053373296349161992e+00
1.077615859621240402e+00
1.052136440870354850e+00
1.213258342253744404e+00
