1.180293823826905841e+00
1.101972998129953307e+00
1.417590853038829257e+00
1.516909383212697193e+00
1.047521193517948479e+00
1.365328928374049289e+00
1.556084840677914638e+00
1.493649453214867417e+00
1.123384017892874454e+00
2.001875999893532043e+00
1.307297492854898602e+00
1.196762603684549342e+00
1.184503352341923721e+00
1.482718492382415931e+00
1.037760829184693145e+00
1.227965326007359304e+00
1.399998091754269147e+00
1.210426721003454276e+00
1.379700533988710287e+00
1.289365082643990634e+00
1.412305089509260148e+00
1.098425306438186810e+00
1.871564116236097863e+00
1.342087654120756035e+00
1.103848034961967706e+00
1.576217874395784646e+00
1.883167287898052100e+00
2.074062258872722442e+00
1.293655487355475309e+00
1.261339609915568705e+00
1.069190384307424191e+00
1.102716309750010337e+00
1.060762682208542973e+00
1.202098943658663543e+00
1.213712088091244867e+00
1.075830461214155154e+00
1.349960593634300654e+00
1.550859333273327811e+00
1.036719433859971673e+00
1.466643207495462731e+00
1.949169470046504316e+00
1.759648425017308115e+00
1.066114573700195578e+00
2.226136226991415334e+00
1.290553352082805860e+00
1.123780419431782640e+00
1.163744215248170510e+00
1.812219074450959200e+00
1.047614171751763523e+00
1.154243731586327648e+00
1.261399834872074521e+00
1.238334140342266076e+00
1.326501648745350259e+00
1.233577977118147206e+00
1.310661156387187720e+00
1.061860378144346306e+00
1.659395038188569593e+00
1.230699225488306014e+00
1.065338159278924390e+00
1.490804097071097178e+00
1.628300223873976771e+00
2.311822857879333171e+00
1.494570164796028333e+00
1.323380352205590471e+00
1.061744436189417717e+00
1.093056591911941489e+00
1.060093641320451807e+00
1.272687298514487253e+00
