1.096527516517552758e+00
1.046106589757347827e+00
1.172665891923392101e+00
1.130771002296330652e+00
1.048324571776369840e+00
1.162328267471566479e+00
1.401873588915960145e+00
1.195994699999009647e+00
1.068512309399179960e+00
1.432778106318547184e+00
1.157055802242570763e+00
1.064894782233978043e+00
1.111289976527210621e+00
1.239899361905947961e+00
1.046911861845978065e+00
1.080316794247185852e+00
1.237341481530844778e+00
1.104536434290715352e+00
1.149257401067929507e+00
1.163857228158044377e+00
1.153311392286359149e+00
1.049847395326367172e+00
1.450125227102831538e+00
1.114188058855427377e+00
1.097701661247816318e+00
1.312341021837795108e+00
1.411355740959051142e+00
1.528482266060817052e+00
1.259704966926248337e+00
1.151053098667047081e+00
1.058013827378901484e+00
1.056408939560638860e+00
1.029871889899155457e+00
1.160437259509375485e+00
1.104293557370535916e+00
1.076560435977091723e+00
1.152117147512768058e+00
1.223232112407395045e+00
1.053630447888747268e+00
1.204841057363652324e+00
1.819320660384574850e+00
1.481911754316007412e+00
1.045535359779426354e+00
1.617037294819371640e+00
1.118503373328841644e+00
1.062603603834133548e+00
1.110801031375490355e+00
1.480423224612752664e+00
1.058849477394313565e+00
1.094932181192400433e+00
1.126698208988266892e+00
1.147685842097544429e+00
1.129508868916463848e+00
1.214512180184994738e+00
1.109251082988849335e+00
1.046133571421744346e+00
1.256939643010560159e+00
1.114236270475650104e+00
1.131097290064269290e+00
1.348854664526516922e+00
1.475588624107802449e+00
1.763376885978916953e+00
1.349992042690673966e+00
1.229644225272489733e+00
1.034302258203614322e+00
1.115677883529784253e+00
1.037939925345768399e+00
1.179229505095170216e+00
