1.097839268944727165e+00
1.047889728931787667e+00
1.265992557390871243e+00
1.176784452629727751e+00
1.046700368022107197e+00
1.208230801716440261e+00
1.417815946508090397e+00
1.193399796108109756e+00
1.062698163010504349e+00
1.483193999609725644e+00
1.099985806652464815e+00
1.081609308055269336e+00
1.075191449028183310e+00
1.282275610167521673e+00
1.028921767092170869e+00
1.139389745941038035e+00
1.180446233452120186e+00
1.075830435942404906e+00
1.117937641409041838e+00
1.141134715458093085e+00
1.280155503417102825e+00
1.054442826127266253e+00
1.403135540667850956e+00
1.230405391308370566e+00
1.053480926101673987e+00
1.290022939308002936e+00
1.388677427624802396e+00
1.494898400599617094e+00
1.249173497451238068e+00
1.217817640488794373e+00
1.039842680188265422e+00
1.066411117494743488e+00
1.052220627170370459e+00
1.119550964205790811e+00
1.093671646848121570e+00
1.047423894075944828e+00
1.221087235133732740e+00
1.127323117551100484e+00
1.036031062832085015e+00
1.214236361277959864e+00
1.628000533559127883e+00
1.227439294503407163e+00
1.045573229306114849e+00
1.449253944927852977e+00
1.122242684114789446e+00
1.097159594848150288e+00
1.078470312534477227e+00
1.337052691078690403e+00
1.038950488330353084e+00
1.045692219903169073e+00
1.130378931688596378e+00
1.121828183715732230e+00
1.130872458321480645e+00
1.098216771566303152e+00
1.205302155998030589e+00
1.037583960195011645e+00
1.303035210039503511e+00
1.123503598111397439e+00
1.043851051611245806e+00
1.208482836543296024e+00
1.295680166777489983e+00
1.533983190717316480e+00
1.332722841437935513e+00
1.261847537241018946e+00
1.041909194828809504e+00
1.106029150799642480e+00
1.038833710440895342e+00
1.179779939147822976e+00
