1.085079862375552429e+00
1.044762527873935865e+00
1.234570284530261297e+00
1.068504891223424513e+00
1.048822949401609694e+00
1.234084782462710361e+00
1.365031295076712725e+00
1.208723529354454040e+00
1.101433474348490815e+00
1.329452552433406654e+00
1.114590710051539313e+00
1.068212120089655270e+00
1.099092761583201350e+00
1.259608277750695837e+00
1.037637499332195512e+00
1.112574770546110425e+00
1.181608383231617987e+00
1.061502102998093111e+00
1.166399590777146722e+00
1.042484399738754952e+00
1.258868804230453664e+00
1.093445338927471422e+00
1.508465229583321632e+00
1.165115405317687536e+00
1.042886180813642261e+00
1.277069519473269743e+00
1.517400915309164988e+00
1.439772712982085201e+00
1.215794969598842368e+00
1.207974438603659495e+00
1.045409841323389211e+00
1.071232780706751875e+00
1.047960449967341834e+00
1.152624319892141536e+00
1.095272872749916360e+00
1.076598798829008885e+00
1.188930825091808252e+00
1.081084345201571262e+00
1.083225516901683116e+00
1.315231043678947387e+00
1.595114928612844762e+00
1.479266395500908660e+00
1.102140544527595800e+00
1.419175179009857457e+00
1.185223456266992104e+00
1.104672238655218575e+00
1.111356640138793095e+00
1.480246867081386419e+00
1.048200024524248875e+00
1.169931703675866075e+00
1.207846331897638015e+00
1.162273403670220917e+00
1.274560372958280174e+00
1.069715522182427492e+00
1.255419916406844472e+00
1.106393774366924765e+00
1.446332034258625443e+00
1.183486683765408332e+00
1.062711846035544028e+00
1.336183076391365354e+00
1.459373306181619201e+00
1.561985867645466985e+00
1.265074992684543487e+00
1.315802372002077503e+00
1.062469290162351587e+00
1.102998433872530493e+00
1.033086379379606345e+00
1.171868717133770943e+00
