1.066105698709758354e+00
1.038374635297133475e+00
1.160560887217750636e+00
1.053427980726311830e+00
1.042075568341233049e+00
1.163187128586722352e+00
1.242284793592880465e+00
1.143356901637958112e+00
1.077506610287731093e+00
1.223972404620289334e+00
1.085903454331252016e+00
1.054661046694849391e+00
1.075977743496317363e+00
1.178735818344633701e+00
1.032897569676444194e+00
1.082993059931574686e+00
1.126701842845941881e+00
1.048952867697323654e+00
1.117133890804911989e+00
1.036676876898781963e+00
1.177051611792697461e+00
1.068135691982831315e+00
1.342687445923644640e+00
1.119651554072278454e+00
1.036367278388391711e+00
1.188209445196792391e+00
1.350180975465597566e+00
1.297935738142699691e+00
1.150839949310529908e+00
1.144124353028592056e+00
1.038675712228709358e+00
1.054511879081369008e+00
1.039940389893924566e+00
1.109637853162193766e+00
1.070967867860476597e+00
1.059371333977347618e+00
1.131339898576469771e+00
1.064401527840907580e+00
1.065387570305233123e+00
1.215396265050867841e+00
1.402583208585622465e+00
1.324637210077894478e+00
1.076993312516220325e+00
1.286528371398241610e+00
1.129208545727613089e+00
1.079059572752633755e+00
1.081749342127883429e+00
1.325576349693028400e+00
1.041457560269319460e+00
1.120120987957095915e+00
1.142148640342970589e+00
1.114088382881711636e+00
1.185092123154934729e+00
1.056698793758899191e+00
1.172311595526435379e+00
1.080224661820682996e+00
1.298762229991366590e+00
1.131042723191254762e+00
1.050527999523303002e+00
1.226132488062801285e+00
1.311426132109714482e+00
1.384490033687093336e+00
1.181420970126424441e+00
1.214280279708562560e+00
1.049276663487605177e+00
1.076390449307621289e+00
1.029381260852247015e+00
1.120951017126457172e+00
