1.121483530012797880e+00
1.066809588943331111e+00
1.339435249015551666e+00
1.342437722186287097e+00
1.037775767341616806e+00
1.308570003752662636e+00
1.464284576157780959e+00
1.381372709606043081e+00
1.057985419297351903e+00
1.576373175501178281e+00
1.206087792642809520e+00
1.180830387834738815e+00
1.125601974074820433e+00
1.365555229952986283e+00
1.031627676413720662e+00
1.319993891511247686e+00
1.241003571592885768e+00
1.136977839320018502e+00
1.216422174165191050e+00
1.239697901681786396e+00
1.175979653602371000e+00
1.044757377490211692e+00
1.579843082980063595e+00
1.305881733486266016e+00
1.064150823759304254e+00
1.564238202478518192e+00
1.824951761344575818e+00
1.753029311982624572e+00
1.244753950573673107e+00
1.354293972425021808e+00
1.066406955997194039e+00
1.091406558210559652e+00
1.043721971587860287e+00
1.126373515711925677e+00
1.162463118042664556e+00
1.074897750608220903e+00
1.345600640115926394e+00
1.283527465650375676e+00
1.046149745377852103e+00
1.401738481209379605e+00
1.807706998406185317e+00
1.459044853265775599e+00
1.045431937346993134e+00
1.780286305168028438e+00
1.174151382975110236e+00
1.197608847629369366e+00
1.108003591873331528e+00
1.586881682505021596e+00
1.055489290532007463e+00
1.213221824039468988e+00
1.174025500988327364e+00
1.130125167552831655e+00
1.160402406137760245e+00
1.230913438394552806e+00
1.177858912340592923e+00
1.058797654781712394e+00
1.426200714099534750e+00
1.280279473978650939e+00
1.038556106168956328e+00
1.503100394774582238e+00
1.612206417546890203e+00
1.868109198849613684e+00
1.322414402891311624e+00
1.374684393540662297e+00
1.099718415727562126e+00
1.095115188247627325e+00
1.040309505962529357e+00
1.141135115860539173e+00
