1.090162768574174157e+00
1.053949265096306487e+00
1.231139537520478777e+00
1.232314922012294867e+00
1.034287449015079297e+00
1.212503255277991521e+00
1.312034091393615265e+00
1.257401694028086325e+00
1.048737059041614739e+00
1.394373331654905845e+00
1.145239115588914336e+00
1.127005802056130657e+00
1.093281379798488162e+00
1.249366660934637219e+00
1.028609855802754103e+00
1.217362427648217782e+00
1.166066871777003522e+00
1.098385740099470986e+00
1.149735364281186500e+00
1.165256121980557280e+00
1.124715450370444403e+00
1.036021736100397161e+00
1.394060263529159238e+00
1.212715014529471835e+00
1.051271263066636985e+00
1.386294433387300407e+00
1.569260162171972173e+00
1.515743325092145044e+00
1.168908271028364032e+00
1.241554903127136900e+00
1.053189188325687864e+00
1.068046750228782260e+00
1.037360718829062334e+00
1.092710430235943164e+00
1.113650720422181495e+00
1.058847121759001420e+00
1.234465995967120255e+00
1.195831895277291501e+00
1.040182475858789868e+00
1.274745230921496608e+00
1.556181721057828815e+00
1.313224833751442056e+00
1.039209491691263976e+00
1.539075719686848753e+00
1.122904028552550892e+00
1.138808985888249525e+00
1.079804205287909324e+00
1.400964857182971812e+00
1.046918059592331529e+00
1.147495923997346789e+00
1.121573978956963646e+00
1.094694923069676307e+00
1.113461722622630656e+00
1.161083034618813237e+00
1.123953930483579056e+00
1.048892693582491376e+00
1.286464842620839599e+00
1.194744286202210848e+00
1.034099087796490846e+00
1.342590488107681113e+00
1.420756809666235743e+00
1.600565470067902840e+00
1.220721878063326216e+00
1.255733016110866851e+00
1.074471673538366590e+00
1.072039504018336364e+00
1.034503733056223673e+00
1.101897384820827330e+00
