1.195494973920391502e+00
1.051985508864856644e+00
1.284411595372865200e+00
1.291256419558718171e+00
1.042969059473053850e+00
1.265836372799699960e+00
1.501600448624008211e+00
1.280540241470600193e+00
1.066873644399085608e+00
1.635097224825939222e+00
1.130668576652318125e+00
1.190538158289925486e+00
1.096216164342324939e+00
1.377732012481356350e+00
1.029318017478643821e+00
1.174811211617755369e+00
1.208585137998650971e+00
1.050847564835309722e+00
1.157563386013887641e+00
1.270806299760050440e+00
1.303761745614775425e+00
1.072703256885076062e+00
1.518948140896244636e+00
1.202330773403704756e+00
1.067710111346075186e+00
1.352211988561645484e+00
1.312717539096889041e+00
1.811371081143252182e+00
1.274962362001172744e+00
1.346349402808508566e+00
1.043120411279717219e+00
1.106348636604879587e+00
1.050098457601228663e+00
1.135687954347787132e+00
1.201851035521881439e+00
1.069173480081041294e+00
1.239968342143737745e+00
1.367602461714773288e+00
1.046026713891575310e+00
1.270777188285959758e+00
1.945150685414567482e+00
1.332476426118767154e+00
1.052438415926448823e+00
1.968579054860562172e+00
1.260008755703940553e+00
1.162616994257282821e+00
1.138975596539981261e+00
1.514254890546319343e+00
1.041943515292706568e+00
1.266175330933409837e+00
1.203826011260843876e+00
1.172297454434362951e+00
1.244142365969350239e+00
1.328117888040464267e+00
1.337174129599780104e+00
1.077200949537320041e+00
1.626365145170904691e+00
1.247501886107812208e+00
1.055090545246194722e+00
1.427802325501635883e+00
1.509800446809274499e+00
1.858033575277297400e+00
1.423077123695336565e+00
1.339656453192258789e+00
1.048198666818634717e+00
1.115024850453834038e+00
1.038528653999589491e+00
1.193150889157747807e+00
