1.136990478103886648e+00
1.043195174393963809e+00
1.193206302321869305e+00
1.197884903093474840e+00
1.037953747012294814e+00
1.184249360097176407e+00
1.338456222936795559e+00
1.189925644485876344e+00
1.054717649603911234e+00
1.435645587290962810e+00
1.096458900788483737e+00
1.133309898862769449e+00
1.073425172300773500e+00
1.256831068394795192e+00
1.026953886980028097e+00
1.123099326863678415e+00
1.144298780838970186e+00
1.041882293253939551e+00
1.111674184544833910e+00
1.185500950634961415e+00
1.207329533265877997e+00
1.054407180867983129e+00
1.350840697552968539e+00
1.144062566626167676e+00
1.053082594489819890e+00
1.238431697720451918e+00
1.213579814122088596e+00
1.557673461034622786e+00
1.188262805883777640e+00
1.235538669911963261e+00
1.036983603937583487e+00
1.077803498892388134e+00
1.041838265526034535e+00
1.098507644967198438e+00
1.138506408332226938e+00
1.054702990153619346e+00
1.164625399354105140e+00
1.252262252787322838e+00
1.040075750077463335e+00
1.186803233591043671e+00
1.653987111349672467e+00
1.226956729904437937e+00
1.044137878402539465e+00
1.672160304419278321e+00
1.176523643181064172e+00
1.116433777020375606e+00
1.099214717436162614e+00
1.350895630259038027e+00
1.037261264501621705e+00
1.182547500908467386e+00
1.139926113695389986e+00
1.120394432124520945e+00
1.165980724829501325e+00
1.225777588964275244e+00
1.227375683400469875e+00
1.061166980091227785e+00
1.423502207621548665e+00
1.172478896747904509e+00
1.045506322352067974e+00
1.287914117268055048e+00
1.348034748280021233e+00
1.595138810877074764e+00
1.287850247994622110e+00
1.231079829715421292e+00
1.039871726740990043e+00
1.084524475088156636e+00
1.033425685249943271e+00
1.134464435531695070e+00
