1.122072941151794678e+00
1.065064477323208969e+00
1.280557662904618921e+00
1.201021421397062694e+00
1.041056426793380840e+00
1.183218111337038136e+00
1.519363117285052800e+00
1.271165937948911084e+00
1.075168463653427553e+00
1.504130367243384780e+00
1.252713209691300067e+00
1.059644757489534905e+00
1.152416153861412385e+00
1.274890568084071196e+00
1.035882883796082510e+00
1.139285583058710083e+00
1.174887345534894267e+00
1.110928266154761035e+00
1.115034129759465031e+00
1.143794706130617733e+00
1.246967500463329159e+00
1.101356647149350998e+00
1.422927474675028003e+00
1.242664172898338304e+00
1.050729700975573833e+00
1.403711636355110315e+00
1.453142070155313048e+00
1.745882533509961032e+00
1.241161701422231145e+00
1.319284518711593135e+00
1.124285546918995626e+00
1.064006266727646421e+00
1.049302928728742312e+00
1.191149392935289653e+00
1.328753766611762810e+00
1.102829564774121307e+00
1.353180826928415126e+00
1.240875368946249724e+00
1.048168915543323365e+00
1.224931095416799343e+00
2.170446012202046582e+00
1.451106184005765076e+00
1.066041402684883455e+00
1.755396741096586055e+00
1.314736082535601591e+00
1.121327784103521630e+00
1.165624608918963023e+00
1.717540706962361163e+00
1.039484455414683151e+00
1.167385796028986400e+00
1.201959726051040622e+00
1.235745740957410188e+00
1.233394727937028534e+00
1.192630348996547296e+00
1.502163041097418494e+00
1.130917222380243059e+00
1.691496206508233957e+00
1.336526161566205628e+00
1.055109511948701728e+00
1.581336705937557818e+00
1.643261508338278887e+00
2.226779201567949507e+00
1.464164407392161582e+00
1.742713296361453335e+00
1.109950604788835449e+00
1.075769171062531226e+00
1.073038519224797982e+00
1.207610165066496322e+00
