1.090357092160100905e+00
1.052344479756889939e+00
1.190602907020209100e+00
1.139076148365595564e+00
1.036677015529854140e+00
1.130586841426412192e+00
1.349397746132644293e+00
1.184259052800458401e+00
1.060177688751344993e+00
1.345700788465638009e+00
1.174882338191308939e+00
1.048963721045163222e+00
1.110197660159643274e+00
1.188833304453544626e+00
1.031656055371912739e+00
1.100312058983947017e+00
1.123425280041842278e+00
1.081180332949271516e+00
1.084287228131983083e+00
1.103797624583909620e+00
1.169921667625283046e+00
1.073062352499777994e+00
1.285098838010760192e+00
1.170384200673922237e+00
1.041782645416168940e+00
1.272854318138415541e+00
1.307139208053428980e+00
1.511658704496626537e+00
1.166610678287571368e+00
1.217328012292816730e+00
1.090759446306457825e+00
1.050009653315294278e+00
1.041078375176323956e+00
1.134332643873158242e+00
1.222478848455428535e+00
1.077139634383878830e+00
1.240186558582153653e+00
1.168634127514820431e+00
1.041754982669972351e+00
1.155785441847796857e+00
1.815956178924069908e+00
1.308783633927132373e+00
1.053481386509394602e+00
1.523958217136004878e+00
1.212627502922683842e+00
1.090030459421222453e+00
1.116258228877499592e+00
1.492189332159040482e+00
1.035535420386202832e+00
1.119374984942796969e+00
1.139188939414601753e+00
1.161219124252700574e+00
1.159307863142775563e+00
1.136572235358305427e+00
1.342079517358192753e+00
1.096589476042870492e+00
1.471949749384158901e+00
1.233813250824644436e+00
1.045608995269316610e+00
1.394820220658293364e+00
1.442679716498561193e+00
1.857350119406186106e+00
1.317787053494417382e+00
1.511093569590776564e+00
1.080692181704148158e+00
1.059068634856225488e+00
1.056899809688398362e+00
1.144022938162467362e+00
