1.106803190596835407e+00
1.041593012892458425e+00
1.519966011541143969e+00
1.285180053626013619e+00
1.040442860281765025e+00
1.301711441194358221e+00
1.991389055915263162e+00
1.443842684495150630e+00
1.111875748624868043e+00
2.039729495243691293e+00
1.112373879755779837e+00
1.108718582240169948e+00
1.080277812617671085e+00
1.530969771308924088e+00
1.042079026485126736e+00
1.324703694158200884e+00
1.386050252001411964e+00
1.104145230709198122e+00
1.139529531398094875e+00
1.212825437252454952e+00
1.493300703518277484e+00
1.087108634487236936e+00
1.981199811517620146e+00
1.306549039529664613e+00
1.038835074563167371e+00
1.392347629394000252e+00
1.532397274416781308e+00
2.332622238055600761e+00
1.389656338204124708e+00
1.501323757052558383e+00
1.044212276881509860e+00
1.052504981411545915e+00
1.050881165653509308e+00
1.184448851067124497e+00
1.187321503632949637e+00
1.098536106858643224e+00
1.234308832370773379e+00
1.236701510134125659e+00
1.046968440081140983e+00
1.235124762679548738e+00
1.994428488503387387e+00
1.663176392815729265e+00
1.112968087983813081e+00
1.997437707136961338e+00
1.168115337520883257e+00
1.077421941477609835e+00
1.071674555974375220e+00
1.583435084520129488e+00
1.041528922924804368e+00
1.176167132855514330e+00
1.198441472957736176e+00
1.143298576752860951e+00
1.141998471830164785e+00
1.168409325889774308e+00
1.327011933847502378e+00
1.147143422904643106e+00
1.519098979476533273e+00
1.316626844784483108e+00
1.089021029485214065e+00
1.383272440827735483e+00
1.465820276321334825e+00
2.368307504114327777e+00
1.450286393170334032e+00
1.496146578980865005e+00
1.055977427980830941e+00
1.158727698491520020e+00
1.043036064126801277e+00
1.155615982110659523e+00
