1.086139818325727369e+00
1.037408015530504990e+00
1.386704697882421788e+00
1.212898209462931032e+00
1.037145615218906469e+00
1.227476089381267288e+00
1.746719722076879311e+00
1.329571110786667676e+00
1.090079344340291190e+00
1.787299616437281635e+00
1.090025303555778313e+00
1.087183552624945593e+00
1.066720553602422461e+00
1.396751597255737165e+00
1.037376955705961334e+00
1.242357522308405793e+00
1.286819244947110086e+00
1.082854821782822663e+00
1.108097777479876811e+00
1.161575577859504715e+00
1.369557369902853594e+00
1.068370901606427559e+00
1.735553459984415792e+00
1.231491412121224371e+00
1.034731611324993583e+00
1.290760235092696773e+00
1.395835445316287560e+00
2.009496222070355831e+00
1.291139800519093050e+00
1.375024917567338134e+00
1.039244783604283517e+00
1.044378658492630008e+00
1.044249526093979696e+00
1.141438813608428360e+00
1.139865338721441912e+00
1.078518751268598086e+00
1.175175276599045304e+00
1.179349730833179288e+00
1.041802584736440718e+00
1.176907365252411131e+00
1.748969621389780071e+00
1.495448908562872825e+00
1.089788353539413279e+00
1.755090628429965660e+00
1.127551920144352460e+00
1.064429500197436651e+00
1.058937516000088008e+00
1.434089526447049234e+00
1.037779242068763708e+00
1.134166348738302910e+00
1.148257048982775697e+00
1.110592967882988003e+00
1.109272355535362520e+00
1.129814959668843599e+00
1.241066722524557964e+00
1.114241120538706387e+00
1.383180410147027084e+00
1.237879922748495343e+00
1.072445631227173291e+00
1.283546062701233614e+00
1.347449136936341274e+00
2.037445143810357795e+00
1.334943111350922029e+00
1.368224335110695078e+00
1.047408312888115534e+00
1.121371641566780930e+00
1.037957262162864103e+00
1.119505244672857946e+00
