1.100189770927944677e+00
1.032543566008607083e+00
1.132634160924404387e+00
1.177722463349227588e+00
1.033801644372054351e+00
1.170707894851930941e+00
1.301232618821613674e+00
1.172307236592339486e+00
1.045485476290648252e+00
1.342689009863465399e+00
1.124668257861359599e+00
1.119017381724240812e+00
1.075981971161321216e+00
1.227412404482868924e+00
1.028073442646854518e+00
1.109034468527326345e+00
1.109102513798443601e+00
1.066517157784509395e+00
1.115278528861975316e+00
1.176438410878187346e+00
1.136466568026720969e+00
1.029433524552837875e+00
1.248648429537604576e+00
1.115731482122804819e+00
1.032215102383489125e+00
1.273037194119709836e+00
1.317193524477966227e+00
1.457912677022068060e+00
1.138341912392507593e+00
1.196131376237516974e+00
1.031887404151611953e+00
1.084264969845085691e+00
1.034497780616945972e+00
1.086689468542049841e+00
1.138139278039433488e+00
1.043940798644565016e+00
1.144897675294960671e+00
1.186569939134283436e+00
1.046370987574839262e+00
1.155841804845755716e+00
1.661968814626210378e+00
1.291076001277159158e+00
1.036216847677562614e+00
1.408877997816243788e+00
1.144817711176628672e+00
1.076006668919605946e+00
1.075896316917926088e+00
1.376034985789395426e+00
1.035688469103048126e+00
1.074468377123280360e+00
1.132199515947637458e+00
1.165348387208914760e+00
1.205826856352791632e+00
1.154316029225075813e+00
1.191674889195430964e+00
1.049722321769946065e+00
1.292308302464539427e+00
1.207529164068372740e+00
1.044336013600615676e+00
1.354758138646456667e+00
1.293981264165589673e+00
1.563019437905927012e+00
1.130352706530324047e+00
1.196944015956321383e+00
1.034133514052639313e+00
1.061074539064369437e+00
1.033299913363887157e+00
1.108851730423688897e+00
