1.096690387631201968e+00
1.048752571297049130e+00
1.216371432620847459e+00
1.180017255957607203e+00
1.036951343332917386e+00
1.142868089931123876e+00
1.260771987134927885e+00
1.199922318138700872e+00
1.055483228358806480e+00
1.397049080027334300e+00
1.077708795796166408e+00
1.097803374884661620e+00
1.077343556223196108e+00
1.202157299283482583e+00
1.032378185002358340e+00
1.136786417594227938e+00
1.146447713807970725e+00
1.072439807251462929e+00
1.138071957938595613e+00
1.155900114879635954e+00
1.225154547619340173e+00
1.047791779623033825e+00
1.499836469690157603e+00
1.178137321313032615e+00
1.045141584486951158e+00
1.312105300112791140e+00
1.501935381504470923e+00
1.451394451213340320e+00
1.157228234605373718e+00
1.213070396288066899e+00
1.028370708998839200e+00
1.049636927699143296e+00
1.042433724797121375e+00
1.114631046980471663e+00
1.070356751862287403e+00
1.048195743474972241e+00
1.202726482742399572e+00
1.184886159281057338e+00
1.035227834901090382e+00
1.198498413597245404e+00
1.456664239125515792e+00
1.347999177393819581e+00
1.049731648449036436e+00
1.547921543258641508e+00
1.120795139280669428e+00
1.108149763565057455e+00
1.067333575138948776e+00
1.401920647488754224e+00
1.031691079210449669e+00
1.140401292143413237e+00
1.120784059152017731e+00
1.117957677342594103e+00
1.167781104146067506e+00
1.158694689230445496e+00
1.183955579053374896e+00
1.053774760760384455e+00
1.387674072224972965e+00
1.167958014830788205e+00
1.056901205993871384e+00
1.410965440363799006e+00
1.430403131709905962e+00
1.476495547302191458e+00
1.223452983465040056e+00
1.270956602944798286e+00
1.035507367760517328e+00
1.033420709049375663e+00
1.037513118724004091e+00
1.156488995468614389e+00
