1.072785152554912802e+00
1.051571710248136782e+00
1.171783891960400892e+00
1.214364177885251861e+00
1.035448748647719519e+00
1.117589606396479418e+00
1.349789455815655348e+00
1.216108656361909457e+00
1.061221533118508198e+00
1.409366517649577766e+00
1.092306439798985673e+00
1.126566231857607736e+00
1.083324644869788189e+00
1.266874058290876848e+00
1.024827369483202633e+00
1.105413134656576091e+00
1.160431578733289726e+00
1.067401834345367506e+00
1.096505252406166253e+00
1.169171513405613094e+00
1.195057618951970158e+00
1.047026700665126153e+00
1.346995465680469461e+00
1.145522059944637405e+00
1.041121190308776479e+00
1.269020660801412070e+00
1.367428642487121371e+00
1.486883532464405411e+00
1.174778590267448353e+00
1.192146758219205349e+00
1.039832542890783973e+00
1.037545698430746954e+00
1.039031513292812514e+00
1.103168611949014943e+00
1.085288625058381529e+00
1.070144462617793168e+00
1.133721736092272003e+00
1.184091686400595478e+00
1.031308994322898798e+00
1.356189716088189057e+00
1.794340690057683041e+00
1.244639800682495245e+00
1.048939520341324538e+00
1.743253677278049807e+00
1.231001176107938022e+00
1.155834087660090326e+00
1.098484461444618088e+00
1.306686793821349557e+00
1.029145707562415302e+00
1.119601501886133166e+00
1.152606938439308282e+00
1.191990871059488644e+00
1.193461202283409461e+00
1.136137649188029730e+00
1.183583012318371264e+00
1.057286448210227103e+00
1.328515249954122179e+00
1.234041038286583181e+00
1.048687089645476300e+00
1.337161424659299325e+00
1.427684672192875093e+00
1.822479066149335081e+00
1.194933961025711477e+00
1.281068128731008837e+00
1.072577429782472835e+00
1.049495084515333465e+00
1.038833575485818006e+00
1.116388801988660973e+00
