1.160217695122979897e+00
1.038879582894618014e+00
1.153163418015370700e+00
1.304386198625510973e+00
1.025198676011529031e+00
1.290644428501978247e+00
1.443950951690400997e+00
1.385010963600081135e+00
1.101981916720297328e+00
1.722548436166451591e+00
1.114680577650092319e+00
1.154212620131522149e+00
1.080701872840310829e+00
1.444516362593952774e+00
1.020946052843901386e+00
1.068430659004672822e+00
1.203464699125568416e+00
1.081633576410936159e+00
1.120933597612298493e+00
1.234915588625174143e+00
1.192364057247862208e+00
1.043496082629548960e+00
1.333856219907386675e+00
1.205755443360127410e+00
1.047162626182386092e+00
1.228506749968244049e+00
1.288383884511469901e+00
1.568047106105949995e+00
1.324051251053387501e+00
1.279051114636396091e+00
1.030835115506472555e+00
1.099732758246940945e+00
1.056518213647857918e+00
1.138240948813589171e+00
1.112011871694422283e+00
1.039053223465762343e+00
1.159949814474543039e+00
1.240923594672295183e+00
1.060379300379642009e+00
1.339532155537652480e+00
1.499404741059262358e+00
1.360683762559551813e+00
1.052249057765506590e+00
1.748982554192878736e+00
1.160299189565731082e+00
1.070601354366326197e+00
1.077969778895043751e+00
1.437039399080474178e+00
1.065089430976039031e+00
1.049691373218441637e+00
1.098863341378562009e+00
1.132126323094048148e+00
1.153085661541631168e+00
1.097804410242756212e+00
1.202538159958387753e+00
1.046933851915114566e+00
1.324163586272113946e+00
1.163240618765637668e+00
1.034625063654028843e+00
1.260784091255879646e+00
1.257653460216309194e+00
1.534234524366212771e+00
1.284443092527206565e+00
1.342278579699505148e+00
1.034871547268591652e+00
1.079620990230936162e+00
1.044656474615767383e+00
1.091455418701136493e+00
