1.211758366211730609e+00
1.043785082354820037e+00
1.204112628966182763e+00
1.409634512093082437e+00
1.025203606815246582e+00
1.387098424863414836e+00
1.598255947927339937e+00
1.518255055162687439e+00
1.129136977510581064e+00
1.960811466811823722e+00
1.146813508498653045e+00
1.204069670897733424e+00
1.099817932883665250e+00
1.596272299364815295e+00
1.021036893216717756e+00
1.083998544532433828e+00
1.274570577153308459e+00
1.103236509315478120e+00
1.159112885001063242e+00
1.314035612311321488e+00
1.257542714150272856e+00
1.052718146490210671e+00
1.453135992364825047e+00
1.273613514848507711e+00
1.055556834624437057e+00
1.309818803282910782e+00
1.391896207025068666e+00
1.759589864749655286e+00
1.435715225342475643e+00
1.376530187179863196e+00
1.033396667857027662e+00
1.130129058286202470e+00
1.067778493028312292e+00
1.181906868370405039e+00
1.147088727436029520e+00
1.044408992843335771e+00
1.213944398181131090e+00
1.319900981035727394e+00
1.071329478414598801e+00
1.452195481964364543e+00
1.669280665981357270e+00
1.484677599503257728e+00
1.061103249003065407e+00
1.994130359034937516e+00
1.213659367083333107e+00
1.085937707186125589e+00
1.098465333484615503e+00
1.587480900246931670e+00
1.077490373932669554e+00
1.057794949011021446e+00
1.127724083707599023e+00
1.174939745137507430e+00
1.204943799693814821e+00
1.123071987263054128e+00
1.274261104911095899e+00
1.053789584934293755e+00
1.441386218360263038e+00
1.214579481316018894e+00
1.038299752069202553e+00
1.354928370618868172e+00
1.349009013953337055e+00
1.712048031307459084e+00
1.381207121855692055e+00
1.461964644179022832e+00
1.039492510241501577e+00
1.100095670711117801e+00
1.052455165834600637e+00
1.116148549167062409e+00
