1.086799545517143306e+00
1.048608046083091994e+00
1.228451880270442720e+00
1.297202695551167517e+00
1.042805169341022520e+00
1.293527835643339507e+00
1.412175325522371017e+00
1.232757595941052386e+00
1.064702496715568714e+00
1.579696740295110757e+00
1.161313386255246938e+00
1.241169556763170867e+00
1.099224851232630806e+00
1.305363740614938095e+00
1.033170646711221163e+00
1.221944639555093248e+00
1.181314678976250532e+00
1.154998334384198078e+00
1.171698591980426141e+00
1.242731802486355175e+00
1.307978070286966332e+00
1.038599253835537528e+00
1.541934231406691724e+00
1.194114565680232776e+00
1.037041801782973005e+00
1.365827427123900151e+00
1.517735799829937005e+00
1.606415185698145676e+00
1.226528093562485600e+00
1.241071782231669030e+00
1.044508836933826901e+00
1.064399866230689717e+00
1.045432020914786042e+00
1.150209674437174812e+00
1.119763388282415173e+00
1.059208563678971649e+00
1.256198273614287153e+00
1.273234008049166199e+00
1.040384433681118548e+00
1.258177894113968076e+00
1.545870689368815443e+00
1.307525478050264978e+00
1.038497758490114276e+00
1.657742953169989875e+00
1.169163902135266886e+00
1.243916261525171096e+00
1.108271743342507110e+00
1.419146031772654082e+00
1.042251578385668065e+00
1.173077612276657300e+00
1.141332639108319613e+00
1.105217191540256216e+00
1.149050519471954690e+00
1.274524857009630363e+00
1.284720582233580766e+00
1.044761385109711949e+00
1.479130520015739414e+00
1.161436632180360418e+00
1.053143257008542832e+00
1.408930668495417926e+00
1.520422246196556637e+00
1.538112773719318982e+00
1.213057490984257969e+00
1.312309986703189990e+00
1.069141438162040547e+00
1.086487367201715459e+00
1.035397453322551620e+00
1.174004875075465248e+00
