1.067485587607899244e+00
1.041179748231831681e+00
1.156708379086333061e+00
1.200542580070307563e+00
1.037808487083912379e+00
1.202101332645113763e+00
1.275701063194281337e+00
1.158638574920396680e+00
1.053138549314751149e+00
1.394556514516136492e+00
1.116290890752358100e+00
1.165350641475513482e+00
1.075630612166889710e+00
1.209249187563023353e+00
1.029699271116795600e+00
1.151989993954910085e+00
1.126828894371764367e+00
1.109650995497628134e+00
1.120496168012358407e+00
1.166277266480765684e+00
1.209530541967287043e+00
1.031725836888484515e+00
1.365428041940842219e+00
1.138111558593617234e+00
1.032314465059456454e+00
1.246663155349248209e+00
1.351279170805722574e+00
1.412783336212076080e+00
1.156977996200742709e+00
1.165585681893906767e+00
1.038020346402568128e+00
1.050132883119759830e+00
1.038434955534446535e+00
1.108011910534895561e+00
1.086606136653133658e+00
1.047984452285862567e+00
1.174575182798051509e+00
1.187509093115281633e+00
1.035864314710608358e+00
1.176785915535620397e+00
1.369225971509874684e+00
1.208609081875909430e+00
1.034132997804212639e+00
1.449028180250128806e+00
1.119335968540721815e+00
1.167757632388613853e+00
1.080264436706681819e+00
1.285013651005020741e+00
1.037318038036973533e+00
1.121760745195420128e+00
1.100463506225851651e+00
1.078315882957409544e+00
1.105920158529677400e+00
1.188422294927640843e+00
1.191621413707300237e+00
1.038937499297149181e+00
1.320946653024832829e+00
1.116015307762999065e+00
1.044165069903234766e+00
1.276915302022546106e+00
1.354713486511235798e+00
1.366316222140739445e+00
1.147620201078844770e+00
1.212276840581552717e+00
1.054011373445177924e+00
1.065568732748829461e+00
1.030988557514278980e+00
1.123190191983511221e+00
