1.119296319721617916e+00
1.055785626168396885e+00
1.391638077130792794e+00
1.230765275802595982e+00
1.038762949056852847e+00
1.146674509489054472e+00
1.441099718459207590e+00
1.198000848919284378e+00
1.068588499757400667e+00
1.583562501837771030e+00
1.124197908582451610e+00
1.055930676329376983e+00
1.106581281305631936e+00
1.268352767618842636e+00
1.029187085419123182e+00
1.097033119226037856e+00
1.205842357396481601e+00
1.119367390514210525e+00
1.153994906541262022e+00
1.129530903408172415e+00
1.206548994441721812e+00
1.048077105939371201e+00
1.330085461118934775e+00
1.181562247315377956e+00
1.044693985605460007e+00
1.357910622361492736e+00
1.560866664383270042e+00
1.809105456356848718e+00
1.205910672758739643e+00
1.278158955376600625e+00
1.051517015742413630e+00
1.053947060684597981e+00
1.032123077228362495e+00
1.096610518440351401e+00
1.081889373087367767e+00
1.063917671358471928e+00
1.165711705649190577e+00
1.177855397795492420e+00
1.033293337051107263e+00
1.226123430079642418e+00
1.500815119827105804e+00
1.295389698581253857e+00
1.054298118815373275e+00
1.596420821598028894e+00
1.128637705585590068e+00
1.048265588437205409e+00
1.090416996426600837e+00
1.373160997135941974e+00
1.038441735522785958e+00
1.098982954870370454e+00
1.134642654691848218e+00
1.111311117587744368e+00
1.186056342649500994e+00
1.128959812932685436e+00
1.155475118602316664e+00
1.060563041859523103e+00
1.275320526580379976e+00
1.102757388885489132e+00
1.048616140997224333e+00
1.339417107827438169e+00
1.331266303909683923e+00
1.710277287228353149e+00
1.191256613252828833e+00
1.200504653686202294e+00
1.051179858874499162e+00
1.086371544601965944e+00
1.034470894853227074e+00
1.144226627850230438e+00
