1.088488992488848117e+00
1.046085677635022915e+00
1.263790095139385672e+00
1.158377655044539711e+00
1.035022269371386860e+00
1.107503965461487550e+00
1.297089698747418973e+00
1.137430979753691007e+00
1.055798014061706036e+00
1.402960160894883623e+00
1.092367052485510248e+00
1.046505300448326237e+00
1.080596724034932787e+00
1.185073871462515083e+00
1.026865674647171600e+00
1.073022481615425461e+00
1.142450167471432243e+00
1.087423036596415926e+00
1.109609119807956068e+00
1.094729745816232391e+00
1.143806116178909482e+00
1.038133466787810821e+00
1.222856177571069791e+00
1.130965390466297738e+00
1.037681826356257719e+00
1.241397258664851622e+00
1.381511067900025758e+00
1.556778967184830220e+00
1.143108612154970949e+00
1.190808427848779161e+00
1.042818920612441413e+00
1.043210042689887151e+00
1.029227704103645280e+00
1.073611268712043598e+00
1.062182244750194959e+00
1.050895607064088244e+00
1.116676970334300467e+00
1.126917086955683045e+00
1.030913571924032768e+00
1.155870191583034723e+00
1.338929555956898110e+00
1.200520860395366096e+00
1.045213817299223580e+00
1.409829785241183187e+00
1.093301844429256375e+00
1.041083020950316795e+00
1.068341488078327739e+00
1.253584008993557486e+00
1.034630519587158126e+00
1.074883017238960958e+00
1.096025903059715478e+00
1.082465608723010675e+00
1.128994606108896015e+00
1.095273757297796191e+00
1.109071229995306274e+00
1.049839892007094155e+00
1.186685505549311070e+00
1.078489281303700809e+00
1.041036999299938204e+00
1.229535292021286530e+00
1.225752233079264730e+00
1.488567988719159185e+00
1.134722810569073870e+00
1.140507281404409268e+00
1.041893628672030392e+00
1.065708021091086755e+00
1.030254738106319623e+00
1.104251729659824877e+00
